-,-,-
2.176,-2.596,2.340
2.254,-2.591,2.290
2.208,-2.540,2.342
2.156,-2.587,2.447
2.180,-2.588,2.386
2.281,-2.606,2.254
2.233,-2.604,2.353
2.097,-2.612,2.458
2.233,-2.589,2.330
2.282,-2.615,2.197
2.241,-2.586,2.316
2.248,-2.605,2.349
2.313,-2.508,2.235
2.263,-2.591,2.314
2.269,-2.612,2.249
2.283,-2.573,2.289
2.230,-2.686,2.293
2.299,-2.655,2.169
2.334,-2.593,2.230
2.227,-2.688,2.293
2.317,-2.632,2.251
2.269,-2.515,2.363
2.310,-2.624,2.317
2.135,-2.778,2.174
2.164,-2.679,2.223
2.017,-2.758,2.430
1.965,-2.745,2.507
2.128,-2.711,2.159
1.973,-2.810,2.432
1.922,-2.917,2.216
1.888,-2.934,2.305
1.671,-3.033,2.252
1.835,-2.998,2.153
1.640,-3.143,2.239
1.637,-3.103,2.021
1.444,-3.260,2.075
1.593,-3.082,2.030
1.507,-3.068,1.957
1.429,-3.203,2.045
1.295,-3.499,2.025
1.084,-3.317,2.060
1.307,-3.357,1.881
1.283,-3.258,1.943
1.430,-3.032,2.015
0.985,-4.165,2.150
1.133,-3.325,1.911
1.625,-2.699,1.930
1.145,-3.407,2.195
1.562,-3.321,2.002
1.660,-3.123,1.789
1.306,-3.335,2.146
1.730,-2.997,2.212
2.006,-2.982,1.908
1.823,-3.080,1.999
1.978,-2.984,2.086
2.255,-2.915,1.928
2.130,-2.880,2.026
2.239,-2.786,2.051
2.377,-2.796,1.958
2.461,-2.679,1.894
2.540,-2.673,1.890
2.536,-2.638,1.872
2.752,-2.612,1.694
2.665,-2.588,1.780
2.710,-2.599,1.772
2.657,-2.568,1.773
2.630,-2.491,1.926
2.696,-2.619,1.849
2.774,-2.522,1.799
2.677,-2.564,1.773
2.563,-2.562,2.006
2.782,-2.490,1.786
2.772,-2.530,1.756
2.552,-2.575,1.925
2.782,-2.511,1.707
2.749,-2.527,1.728
2.698,-2.537,1.817
2.679,-2.523,1.846
2.726,-2.505,1.808
2.630,-2.527,1.899
2.654,-2.535,1.896
2.649,-2.563,1.848
2.669,-2.546,1.901
2.662,-2.544,1.854
2.631,-2.555,1.874
2.633,-2.548,1.908
2.688,-2.559,1.807
2.736,-2.508,1.812
2.642,-2.526,1.935
2.632,-2.567,1.904
2.688,-2.534,1.813
2.712,-2.545,1.799
2.627,-2.541,1.939
2.705,-2.508,1.889
2.699,-2.506,1.792
2.629,-2.545,1.913
2.680,-2.509,1.865
2.630,-2.550,1.922
2.667,-2.555,1.885
2.654,-2.552,1.889
2.665,-2.526,1.861
-,-,-
2.031,-2.230,2.904
2.027,-2.205,2.896
2.020,-2.202,2.887
2.016,-2.231,2.855
2.024,-2.233,2.863
2.052,-2.249,2.851
2.063,-2.252,2.837
2.057,-2.197,2.819
2.013,-2.231,2.888
2.063,-2.254,2.844
2.021,-2.284,2.832
2.036,-2.288,2.824
2.069,-2.222,2.801
2.040,-2.275,2.851
2.048,-2.228,2.859
2.064,-2.293,2.813
2.062,-2.187,2.787
2.076,-2.185,2.835
2.063,-2.191,2.854
2.029,-2.172,2.883
2.024,-2.169,2.831
2.046,-2.310,2.883
2.095,-2.234,2.757
2.270,-2.535,2.631
2.048,-2.368,2.753
2.051,-2.374,2.768
2.046,-2.325,2.775
2.049,-2.347,2.747
2.128,-2.349,2.692
2.053,-2.325,2.826
2.117,-2.323,2.779
1.994,-2.396,2.729
2.108,-2.408,2.701
2.013,-2.374,2.715
1.903,-2.267,2.961
1.826,-2.271,2.903
1.781,-2.403,3.007
1.854,-2.508,2.862
1.812,-2.336,2.840
1.781,-2.538,2.770
1.607,-2.522,2.879
1.678,-2.486,2.886
1.646,-2.425,2.879
1.726,-2.518,2.770
1.542,-2.474,2.923
1.552,-2.538,2.823
1.420,-2.592,2.818
1.337,-2.759,2.967
1.434,-2.628,2.783
1.322,-2.667,2.891
1.330,-2.778,2.773
1.321,-2.790,2.721
1.326,-2.763,2.670
1.239,-2.785,2.819
1.282,-2.771,2.722
1.270,-2.545,2.850
1.105,-2.929,2.744
1.195,-2.726,2.834
1.301,-2.339,2.797
1.145,-3.318,2.848
1.470,-2.472,2.622
1.377,-2.885,2.732
1.554,-2.605,2.818
1.598,-2.557,2.765
1.650,-2.607,2.848
1.804,-2.539,2.653
1.788,-2.604,2.743
2.016,-2.589,2.575
2.060,-2.533,2.586
2.184,-2.439,2.591
2.146,-2.337,2.620
2.213,-2.375,2.595
2.193,-2.357,2.626
2.217,-2.341,2.633
2.288,-2.369,2.564
2.250,-2.344,2.627
2.294,-2.313,2.579
2.419,-2.271,2.459
2.395,-2.258,2.516
2.286,-2.262,2.633
2.284,-2.299,2.591
2.359,-2.308,2.512
2.315,-2.313,2.554
2.324,-2.265,2.589
2.355,-2.280,2.606
2.341,-2.265,2.580
2.354,-2.282,2.522
2.315,-2.288,2.589
2.369,-2.281,2.563
2.351,-2.271,2.555
2.347,-2.293,2.551
2.374,-2.282,2.517
2.350,-2.274,2.576
2.403,-2.287,2.535
2.383,-2.260,2.504
2.377,-2.261,2.565
2.376,-2.278,2.552
2.390,-2.275,2.506
2.344,-2.294,2.599
2.349,-2.283,2.563
2.332,-2.254,2.570
2.352,-2.290,2.557
2.357,-2.269,2.571
2.411,-2.243,2.523
-,-,-
2.352,-2.720,2.087
2.426,-2.778,1.956
2.306,-2.820,2.032
2.313,-2.741,2.158
2.220,-2.335,2.415
2.037,-2.276,2.728
2.152,-2.204,2.702
2.065,-2.375,2.550
2.383,-2.544,2.443
2.395,-2.614,2.187
2.560,-2.716,2.031
2.431,-2.537,2.071
2.401,-2.473,2.298
2.219,-2.506,2.371
2.394,-2.606,2.296
2.375,-2.780,2.184
2.404,-2.667,2.030
2.382,-2.664,2.130
2.392,-2.672,2.119
2.029,-2.748,2.358
2.105,-2.736,2.319
2.311,-2.743,2.033
2.410,-2.785,1.893
2.087,-2.850,2.116
1.783,-2.878,2.273
2.038,-2.854,2.204
1.735,-2.897,2.188
1.776,-3.185,2.016
1.756,-3.026,1.922
1.742,-3.144,1.949
1.655,-3.154,2.057
1.598,-3.130,2.086
1.517,-3.141,1.973
1.350,-3.608,1.682
1.261,-3.040,1.945
1.236,-3.436,1.837
1.316,-3.297,1.882
1.156,-3.510,1.651
1.292,-3.613,1.735
1.315,-3.159,1.798
0.721,-3.821,1.898
1.163,-3.228,1.795
1.053,-3.594,1.898
1.202,-3.481,1.790
1.244,-3.264,1.959
1.322,-3.369,1.862
1.378,-3.646,1.588
1.387,-3.455,1.737
1.508,-3.271,1.939
1.454,-3.280,1.931
1.582,-3.165,2.005
1.762,-3.155,1.913
1.891,-3.037,2.019
1.876,-3.094,1.972
1.808,-3.015,2.030
1.964,-2.938,2.162
2.177,-2.912,1.913
1.951,-3.013,2.042
2.397,-2.762,1.910
2.259,-2.820,1.937
2.546,-2.711,1.910
2.418,-2.693,1.964
2.515,-2.719,1.845
2.461,-2.674,1.956
2.570,-2.674,1.833
2.584,-2.685,1.805
2.613,-2.641,1.775
2.638,-2.593,1.799
2.531,-2.680,1.801
2.635,-2.604,1.852
2.629,-2.600,1.753
2.599,-2.622,1.817
2.557,-2.654,1.858
2.623,-2.646,1.896
2.604,-2.634,1.785
2.630,-2.618,1.795
2.701,-2.570,1.812
2.621,-2.585,1.891
2.593,-2.607,1.843
2.622,-2.590,1.815
2.697,-2.588,1.757
2.616,-2.619,1.857
2.593,-2.629,1.890
2.569,-2.626,1.868
2.575,-2.596,1.805
2.512,-2.583,1.914
2.682,-2.561,1.787
2.646,-2.617,1.767
2.563,-2.621,1.869
2.558,-2.644,1.893
2.608,-2.610,1.847
2.646,-2.603,1.820
2.548,-2.626,1.905
2.536,-2.623,1.881
2.616,-2.602,1.801
2.615,-2.605,1.889
2.601,-2.621,1.851
2.583,-2.634,1.805
2.557,-2.662,1.889
-,-,-
2.402,-2.631,2.128
2.424,-2.607,2.115
2.469,-2.610,2.043
2.406,-2.611,2.117
2.395,-2.656,2.092
2.399,-2.624,2.140
2.496,-2.590,2.036
2.396,-2.645,2.086
2.417,-2.628,2.033
2.421,-2.630,2.019
2.418,-2.702,2.027
2.469,-2.698,2.028
2.527,-2.513,2.095
2.393,-2.552,2.215
2.413,-2.558,2.135
2.332,-2.738,1.981
2.399,-2.691,1.995
2.372,-2.742,1.991
2.431,-2.589,2.092
2.361,-2.698,2.113
2.413,-2.751,2.048
2.263,-2.742,1.950
2.362,-2.823,1.970
2.132,-2.781,2.144
2.189,-2.773,2.147
2.175,-2.850,2.023
2.020,-2.959,2.047
2.162,-2.940,1.881
1.948,-2.912,2.045
1.604,-3.072,2.117
1.789,-3.177,1.952
1.564,-3.220,1.977
1.354,-3.147,1.942
1.582,-3.320,1.937
1.369,-3.212,1.915
1.531,-3.290,1.859
1.497,-3.306,1.851
1.356,-3.157,1.898
1.113,-3.624,1.661
1.027,-3.638,1.434
1.379,-3.169,1.484
1.214,-4.325,1.264
1.434,-3.521,1.406
1.295,-3.499,1.605
1.249,-3.519,1.676
1.163,-3.583,1.638
1.315,-3.386,1.590
1.729,-3.264,1.520
1.600,-3.294,1.849
1.646,-3.155,2.008
1.430,-3.229,2.037
2.003,-3.139,1.806
1.880,-3.060,1.963
1.849,-3.091,2.149
2.353,-2.919,1.906
2.239,-2.879,1.792
2.378,-2.748,1.971
2.423,-2.820,1.782
2.527,-2.738,1.859
2.537,-2.715,1.847
2.518,-2.693,1.839
2.608,-2.725,1.747
2.606,-2.625,1.815
2.532,-2.612,1.927
2.617,-2.771,1.694
2.651,-2.563,1.825
2.568,-2.569,1.866
2.656,-2.564,1.772
2.650,-2.598,1.776
2.612,-2.638,1.699
2.584,-2.681,1.841
2.578,-2.641,1.792
2.746,-2.586,1.613
2.698,-2.583,1.725
2.685,-2.581,1.764
2.666,-2.579,1.747
2.618,-2.602,1.746
2.651,-2.622,1.753
2.628,-2.623,1.814
2.598,-2.632,1.807
2.687,-2.623,1.709
2.636,-2.639,1.757
2.607,-2.631,1.848
2.660,-2.642,1.770
2.595,-2.640,1.836
2.671,-2.579,1.762
2.566,-2.643,1.759
2.587,-2.646,1.836
2.642,-2.621,1.813
2.613,-2.616,1.817
2.574,-2.632,1.832
2.570,-2.633,1.847
2.548,-2.632,1.834
2.605,-2.600,1.831
2.641,-2.605,1.800
-,-,-
1.916,-2.979,2.131
2.046,-2.898,2.004
1.983,-2.942,2.062
1.910,-2.949,2.157
1.854,-2.977,2.223
1.993,-2.950,2.034
2.059,-2.894,2.065
1.949,-2.931,2.106
1.853,-2.955,2.184
1.653,-3.101,2.354
1.891,-3.436,1.939
1.952,-2.874,1.885
2.211,-2.463,2.082
1.802,-2.620,2.648
1.696,-2.618,2.724
1.664,-2.715,2.649
1.588,-3.038,2.370
1.823,-2.972,2.184
1.844,-2.906,2.229
1.873,-2.985,2.173
1.934,-2.937,2.209
1.806,-2.965,2.288
1.931,-2.944,2.128
1.800,-3.078,2.081
2.115,-2.960,2.033
1.809,-3.071,2.114
1.695,-3.101,2.165
1.708,-3.017,2.034
1.597,-3.098,2.247
1.437,-2.847,2.553
1.724,-3.068,2.104
1.638,-3.128,1.935
1.624,-3.078,1.926
1.619,-3.213,2.081
1.646,-3.126,2.013
1.595,-3.101,1.998
1.605,-3.228,2.044
1.640,-3.164,2.036
1.722,-3.144,1.991
1.571,-3.265,1.956
1.686,-3.205,1.912
1.661,-3.219,1.824
1.657,-3.180,1.977
1.621,-3.167,1.927
1.447,-3.293,2.004
1.476,-3.253,1.979
1.664,-3.222,1.933
1.668,-3.184,1.854
1.679,-3.172,1.914
1.551,-3.219,2.038
1.614,-3.220,1.891
1.602,-3.210,1.939
1.642,-3.240,1.863
1.788,-3.222,1.742
1.643,-3.342,1.799
1.769,-3.204,1.760
1.746,-3.266,1.839
1.759,-3.190,1.884
1.611,-3.270,1.849
1.782,-3.184,1.813
1.908,-3.260,1.591
1.756,-3.247,1.794
1.912,-3.160,1.775
1.844,-3.251,1.756
1.948,-3.148,1.674
1.939,-3.133,1.777
2.034,-3.143,1.744
1.933,-3.083,1.786
1.911,-3.128,1.839
1.815,-3.123,1.882
1.676,-3.127,2.040
1.856,-3.105,1.856
2.132,-3.024,1.710
2.148,-2.987,1.820
2.032,-3.013,1.845
1.985,-3.054,1.824
2.028,-3.051,1.917
2.018,-3.075,1.859
2.061,-3.091,1.745
1.870,-3.136,1.929
1.993,-3.083,1.953
2.123,-3.035,1.685
2.177,-2.998,1.480
2.046,-3.033,1.806
2.072,-3.021,1.918
2.081,-3.023,1.796
2.024,-3.077,1.902
2.110,-3.083,1.760
2.161,-2.990,1.692
2.108,-3.003,1.896
2.033,-3.063,1.864
2.018,-3.021,1.797
2.044,-3.029,1.823
2.061,-3.052,1.745
2.054,-3.078,1.842
2.149,-3.036,1.770
2.073,-3.084,1.796
1.954,-3.113,1.775
1.966,-3.092,1.753
2.053,-3.037,1.754
2.005,-3.046,1.874
2.131,-2.998,1.840
2.087,-3.005,1.838
2.008,-3.066,1.805
-,-,-
2.234,-2.748,2.097
2.251,-2.711,2.057
2.375,-2.803,1.976
2.291,-2.671,2.006
2.225,-2.812,2.089
2.263,-2.654,2.151
2.285,-2.663,2.113
2.308,-2.697,2.140
2.257,-2.752,2.080
2.338,-2.694,2.025
2.307,-2.698,2.127
2.229,-2.628,2.238
2.215,-2.715,2.162
2.232,-2.798,2.084
2.201,-2.793,2.008
2.179,-2.785,2.102
2.152,-2.787,2.183
2.159,-2.825,2.066
2.095,-2.824,2.100
2.207,-2.788,2.069
2.192,-2.787,2.067
2.127,-2.843,2.128
2.140,-2.874,2.093
2.127,-2.930,2.094
2.049,-2.958,1.953
2.095,-2.914,2.005
1.943,-3.007,2.055
1.989,-3.069,1.955
1.978,-3.030,1.898
2.110,-3.021,1.654
1.921,-3.054,1.834
1.820,-3.042,2.046
1.979,-3.004,2.194
2.088,-2.964,1.986
2.104,-2.906,1.823
2.023,-2.929,2.030
2.035,-2.974,2.029
2.071,-2.920,1.954
1.993,-2.987,2.024
2.012,-2.953,2.053
1.977,-2.920,2.094
2.007,-2.952,2.133
1.885,-2.968,2.096
1.954,-2.916,2.008
1.916,-2.938,2.086
1.828,-2.943,2.256
2.092,-2.904,2.054
1.879,-3.014,2.188
1.990,-2.909,2.045
1.971,-3.050,2.036
2.021,-2.987,2.044
2.040,-2.992,1.863
2.034,-3.046,1.912
2.027,-3.048,1.855
2.105,-3.021,1.814
1.877,-3.036,2.075
2.051,-3.018,1.928
1.952,-3.072,1.812
2.084,-3.077,1.704
2.127,-3.044,1.747
2.105,-3.021,1.770
2.004,-3.094,1.898
2.112,-3.061,1.801
1.922,-3.065,1.887
2.005,-3.001,1.896
2.028,-2.954,1.966
2.134,-2.913,1.960
2.231,-2.879,1.963
2.158,-2.890,2.011
2.171,-2.938,1.875
2.152,-2.972,1.825
2.230,-2.894,1.797
2.273,-2.867,1.937
2.198,-2.846,2.043
2.126,-2.899,1.912
2.140,-2.896,1.826
2.097,-2.878,1.981
2.274,-2.840,2.076
2.199,-2.871,2.150
2.159,-2.904,1.986
2.195,-2.859,1.966
2.191,-2.841,2.058
2.267,-2.805,1.904
2.228,-2.829,1.953
2.108,-2.890,2.029
2.188,-2.912,1.995
2.234,-2.859,1.951
2.215,-2.813,2.012
2.181,-2.833,1.968
2.180,-2.835,2.016
2.269,-2.806,1.938
2.220,-2.822,1.964
2.142,-2.842,2.045
2.130,-2.901,2.022
2.197,-2.868,2.034
2.174,-2.866,1.967
2.194,-2.854,1.988
2.099,-2.830,2.104
2.160,-2.813,2.014
2.148,-2.873,1.991
-,-,-
1.910,-2.924,2.123
1.870,-2.947,2.229
1.848,-2.902,2.070
1.799,-3.017,2.117
1.780,-3.153,2.297
2.073,-2.914,1.947
1.854,-2.780,2.369
1.764,-2.878,2.349
1.706,-2.829,2.405
1.909,-2.819,2.240
1.885,-2.991,2.332
1.732,-2.957,2.229
1.740,-2.916,2.271
1.778,-2.981,2.278
1.800,-2.939,2.254
1.844,-2.928,2.322
1.787,-2.957,2.261
1.744,-3.016,2.238
1.672,-3.092,2.163
1.619,-3.134,2.116
1.612,-3.047,2.111
1.577,-3.097,2.185
1.555,-3.098,2.193
1.610,-3.192,1.931
1.647,-3.168,1.992
1.565,-3.182,1.952
1.563,-3.183,1.995
1.542,-3.186,2.068
1.556,-3.230,1.955
1.523,-3.193,2.089
1.558,-3.130,2.066
1.533,-3.128,2.071
1.484,-3.227,2.093
1.592,-3.066,2.213
1.595,-3.094,2.288
1.444,-3.160,2.234
1.493,-3.081,2.235
1.544,-3.103,2.120
1.549,-3.115,2.109
1.648,-3.074,2.162
1.678,-3.126,2.073
1.777,-3.014,2.097
1.583,-3.085,2.206
1.582,-3.142,2.135
1.713,-3.161,1.979
1.676,-3.099,2.065
1.626,-3.300,1.918
1.739,-3.193,1.651
1.783,-3.208,1.905
1.608,-3.229,1.975
1.710,-3.200,2.022
1.713,-3.220,1.854
1.884,-3.154,1.703
1.664,-3.244,1.859
1.796,-3.228,1.993
1.884,-3.106,1.854
1.979,-3.139,1.721
1.705,-3.180,2.000
1.762,-3.038,2.120
1.648,-3.115,2.222
1.918,-3.104,1.820
1.949,-3.067,1.768
1.908,-3.062,1.913
1.901,-3.079,1.946
2.057,-3.067,1.824
1.878,-3.126,1.927
1.846,-3.125,1.991
1.972,-3.090,1.922
1.972,-3.059,1.810
1.873,-3.108,1.801
1.978,-3.108,1.537
1.956,-3.137,1.693
1.955,-3.149,1.728
1.968,-3.130,1.728
1.971,-3.134,1.755
1.952,-3.089,1.925
1.923,-3.077,1.896
1.975,-3.068,1.862
1.908,-3.054,1.825
1.872,-3.116,1.862
1.864,-3.125,1.842
1.826,-3.153,1.863
1.947,-3.126,1.855
1.994,-3.072,1.918
2.005,-3.062,1.876
1.925,-3.083,1.863
1.831,-3.123,1.945
1.863,-3.098,1.875
-,-,-
2.095,-2.914,2.023
2.060,-2.902,2.035
2.134,-2.874,2.025
2.193,-2.860,2.012
2.154,-2.905,1.980
2.104,-2.896,2.019
2.068,-2.921,2.113
2.158,-2.898,1.934
2.189,-2.872,1.992
2.041,-2.903,2.097
2.104,-2.874,2.071
2.094,-2.897,2.067
2.149,-2.881,1.971
2.118,-2.934,1.973
2.068,-2.990,1.990
2.053,-2.936,1.965
2.088,-3.008,2.022
1.948,-2.887,2.187
1.633,-3.043,2.180
1.777,-3.039,2.062
1.708,-3.077,2.137
1.896,-3.153,1.841
1.716,-3.208,1.961
1.904,-3.173,1.671
1.831,-3.272,1.661
1.752,-3.224,1.612
1.828,-3.184,1.549
1.714,-3.263,1.851
1.737,-3.195,1.854
1.718,-3.188,1.899
1.820,-3.192,1.840
1.799,-3.187,1.809
1.719,-3.227,1.824
1.791,-3.217,1.896
1.939,-3.130,1.706
1.703,-3.167,1.829
1.833,-3.179,1.883
1.835,-3.093,1.925
1.814,-3.097,1.937
1.810,-3.108,1.900
1.906,-3.085,1.857
1.875,-3.189,1.798
1.952,-3.223,1.646
1.937,-3.273,1.639
2.040,-3.167,1.567
2.157,-3.157,1.472
2.036,-3.183,1.592
1.979,-3.168,1.633
1.993,-3.186,1.688
1.965,-3.265,1.729
1.983,-3.235,1.777
1.947,-3.201,1.422
2.092,-3.173,1.437
2.054,-3.153,1.698
2.175,-3.090,1.532
2.266,-3.097,1.438
2.185,-3.025,1.528
2.172,-3.035,1.828
2.246,-2.948,1.535
2.296,-2.983,1.489
2.446,-2.951,1.527
2.364,-2.939,1.655
2.271,-3.014,1.583
2.338,-2.963,1.599
2.276,-2.983,1.808
2.324,-2.929,1.680
2.379,-2.930,1.574
2.396,-2.874,1.727
2.350,-2.902,1.614
2.354,-2.924,1.644
2.359,-2.915,1.594
2.276,-2.961,1.698
2.259,-2.957,1.722
2.420,-2.927,1.641
2.360,-2.895,1.813
2.281,-2.919,1.637
2.328,-2.887,1.614
2.320,-2.906,1.767
2.398,-2.858,1.662
2.402,-2.863,1.650
2.340,-2.929,1.738
2.297,-2.940,1.701
2.363,-2.904,1.736
2.437,-2.869,1.576
2.447,-2.882,1.661
2.396,-2.903,1.688
2.362,-2.893,1.729
2.341,-2.884,1.742
2.360,-2.857,1.703
2.388,-2.877,1.656
2.410,-2.913,1.745
2.388,-2.918,1.724
2.374,-2.915,1.672
2.427,-2.847,1.659
2.354,-2.891,1.696
2.373,-2.882,1.755
2.376,-2.867,1.683
2.301,-2.881,1.735
-,-,-
1.824,-3.068,1.955
1.798,-3.110,1.965
1.774,-3.121,1.962
1.830,-3.126,1.888
1.944,-3.063,1.919
1.894,-3.088,1.934
1.780,-3.116,2.063
1.728,-3.108,2.020
1.906,-3.043,1.908
2.037,-2.994,1.946
1.997,-2.983,2.004
1.944,-3.068,2.029
1.545,-3.169,2.106
1.819,-3.110,2.072
1.885,-3.099,2.015
1.788,-3.198,1.873
1.775,-3.189,1.742
1.819,-3.175,1.681
1.808,-3.185,1.830
1.813,-3.191,2.038
1.689,-3.229,1.833
1.800,-3.233,1.683
1.745,-3.265,1.739
1.858,-3.223,1.602
1.742,-3.321,1.606
1.711,-3.259,1.692
1.712,-3.337,1.698
1.709,-3.363,1.638
1.771,-3.249,1.544
1.694,-3.297,1.714
1.681,-3.246,1.729
1.722,-3.251,1.761
1.724,-3.235,1.915
1.731,-3.225,1.756
1.759,-3.268,1.699
1.640,-3.271,1.797
1.622,-3.269,1.821
1.622,-3.250,1.855
1.729,-3.228,1.791
1.728,-3.241,1.771
1.733,-3.238,1.708
1.812,-3.221,1.697
1.879,-3.197,1.742
1.766,-3.192,1.868
1.819,-3.189,1.885
1.755,-3.237,1.878
1.817,-3.211,1.761
1.703,-3.240,1.619
1.867,-3.292,1.482
1.826,-3.343,1.553
1.572,-3.401,1.723
1.693,-3.287,1.724
1.739,-3.314,1.761
1.672,-3.305,1.578
1.621,-3.329,1.687
1.768,-3.271,1.717
1.671,-3.396,1.574
1.956,-3.276,1.307
1.871,-3.240,1.579
1.794,-3.298,1.544
2.119,-3.089,1.496
2.063,-3.046,1.828
1.877,-3.117,2.039
2.159,-3.086,1.616
2.226,-3.071,1.450
2.304,-3.055,1.601
2.119,-3.075,1.729
2.038,-3.104,1.806
2.068,-3.103,1.693
2.106,-3.089,1.686
2.098,-3.063,1.622
2.135,-3.049,1.625
2.159,-3.057,1.692
2.194,-3.071,1.666
2.227,-3.058,1.488
2.175,-3.041,1.566
2.230,-3.003,1.594
2.240,-3.003,1.684
2.134,-3.037,1.728
2.152,-3.033,1.597
2.114,-3.069,1.693
2.171,-3.087,1.659
2.172,-3.073,1.736
2.198,-3.007,1.729
2.255,-2.979,1.646
2.225,-3.000,1.688
2.212,-2.970,1.770
2.140,-3.018,1.728
2.181,-3.026,1.696
2.142,-3.037,1.772
2.009,-3.075,1.802
-,-,-
1.992,-3.112,1.799
2.011,-3.078,1.842
2.001,-3.102,1.833
2.039,-3.058,1.777
2.022,-3.045,1.865
1.930,-3.108,1.842
2.066,-3.064,1.777
2.134,-3.047,1.675
2.056,-3.048,1.798
1.896,-3.113,1.902
1.894,-3.092,1.922
1.889,-3.079,1.978
1.864,-3.025,2.092
1.880,-3.036,1.988
1.836,-3.116,1.838
1.948,-3.144,1.789
1.954,-3.178,1.655
1.887,-3.152,1.782
1.843,-3.188,1.946
1.873,-3.139,1.879
1.742,-3.303,1.819
1.855,-3.210,1.674
1.867,-3.204,1.738
1.752,-3.250,1.706
1.732,-3.230,1.822
1.770,-3.315,1.691
1.788,-3.295,1.576
1.826,-3.285,1.524
1.840,-3.236,1.656
1.735,-3.229,1.846
1.750,-3.191,1.866
1.734,-3.199,1.887
1.750,-3.219,1.866
1.981,-3.161,1.706
1.915,-3.144,1.644
1.788,-3.179,1.843
1.775,-3.218,1.886
1.748,-3.220,1.856
1.786,-3.220,1.721
1.838,-3.286,1.651
2.047,-3.188,1.430
2.108,-3.183,1.393
2.054,-3.187,1.567
1.995,-3.166,1.551
1.810,-3.201,1.900
1.934,-3.172,1.824
1.846,-3.312,1.679
1.977,-3.262,1.554
1.912,-3.303,1.481
1.901,-3.281,1.486
1.847,-3.308,1.459
1.929,-3.235,1.496
1.864,-3.297,1.542
1.970,-3.258,1.479
2.023,-3.212,1.365
1.855,-3.250,1.687
1.832,-3.284,1.710
1.854,-3.260,1.503
1.841,-3.243,1.721
1.785,-3.280,1.782
1.961,-3.217,1.526
1.940,-3.207,1.491
1.940,-3.192,1.646
1.897,-3.210,1.679
1.985,-3.202,1.603
1.954,-3.242,1.661
1.868,-3.319,1.530
2.162,-3.170,1.328
1.948,-3.230,1.668
1.890,-3.291,1.659
1.860,-3.273,1.612
1.897,-3.197,1.400
1.888,-3.229,1.386
1.704,-3.266,1.646
1.772,-3.328,1.614
1.882,-3.308,1.449
1.889,-3.287,1.488
1.922,-3.235,1.561
1.896,-3.221,1.554
1.819,-3.264,1.658
1.754,-3.251,1.696
1.836,-3.259,1.696
1.935,-3.219,1.607
-,-,-
2.309,-3.011,1.482
2.323,-3.033,1.508
2.339,-2.997,1.474
2.360,-2.989,1.499
2.339,-3.021,1.467
2.343,-3.058,1.413
2.338,-3.079,1.459
2.308,-2.998,1.533
2.343,-2.885,1.601
2.226,-3.008,1.645
2.296,-2.886,1.618
2.273,-2.956,1.697
2.112,-2.994,1.750
2.210,-2.903,1.768
2.354,-3.093,1.649
2.272,-2.888,1.683
2.209,-3.021,1.738
2.248,-3.125,1.674
2.351,-3.021,1.446
2.408,-2.970,1.537
2.283,-2.988,1.563
2.515,-2.965,1.353
2.452,-2.968,1.384
2.252,-3.009,1.439
2.332,-3.115,1.429
2.335,-3.077,1.281
2.321,-3.111,1.215
2.192,-3.137,1.454
2.220,-3.097,1.549
2.078,-3.151,1.430
2.193,-3.152,1.356
2.149,-3.207,1.252
2.124,-3.198,1.300
2.086,-3.229,1.398
2.136,-3.153,1.436
2.117,-3.204,1.420
2.146,-3.175,1.414
2.129,-3.159,1.401
2.169,-3.184,1.427
2.210,-3.196,1.225
2.146,-3.202,1.303
2.118,-3.166,1.359
2.087,-3.212,1.429
2.094,-3.213,1.462
2.107,-3.196,1.370
2.022,-3.229,1.410
2.118,-3.208,1.417
2.127,-3.180,1.308
2.194,-3.162,1.364
2.177,-3.153,1.458
2.028,-3.211,1.452
2.128,-3.190,1.275
2.070,-3.196,1.339
2.087,-3.281,1.302
2.075,-3.258,1.140
2.101,-3.273,1.258
2.041,-3.274,1.354
2.103,-3.229,1.315
2.261,-3.238,1.025
2.274,-3.217,1.149
2.188,-3.232,1.273
2.106,-3.230,1.319
2.063,-3.261,1.267
2.135,-3.244,1.183
2.161,-3.260,1.226
2.148,-3.210,1.171
2.253,-3.216,1.162
2.138,-3.222,1.114
2.253,-3.164,1.257
2.109,-3.171,1.401
2.246,-3.156,1.144
2.381,-3.113,1.208
2.333,-3.089,1.184
2.297,-3.113,1.273
2.431,-3.026,1.401
2.360,-3.054,1.436
2.367,-3.035,1.479
2.484,-2.985,1.268
2.444,-3.018,1.269
2.369,-3.028,1.480
2.324,-3.057,1.402
2.319,-3.037,1.403
2.366,-3.043,1.417
2.343,-3.033,1.372
2.556,-2.999,1.051
2.501,-2.984,1.156
2.445,-3.021,1.422
2.438,-2.994,1.208
2.398,-3.021,1.312
2.396,-3.010,1.308
2.470,-2.979,1.279
2.537,-2.993,1.294
2.472,-2.970,1.393
2.415,-3.015,1.343
2.445,-2.983,1.312
2.480,-2.989,1.345
2.469,-2.975,1.274
2.454,-3.013,1.396
2.419,-2.974,1.327
2.428,-3.035,1.368
-,-,-
2.408,-2.983,1.415
2.387,-3.001,1.518
2.418,-2.913,1.425
2.421,-2.992,1.467
2.374,-3.029,1.376
2.362,-3.020,1.450
2.331,-3.029,1.454
2.411,-2.995,1.354
2.400,-2.954,1.520
2.387,-2.926,1.582
2.320,-2.982,1.562
2.231,-3.118,1.442
2.180,-3.117,1.556
2.149,-3.071,1.481
2.031,-3.102,1.768
2.021,-3.117,1.883
2.125,-3.103,1.646
1.858,-3.157,1.696
1.903,-3.109,1.569
1.987,-3.065,1.539
2.128,-3.203,1.533
2.042,-3.157,1.599
2.029,-3.204,1.555
2.093,-3.240,1.339
2.094,-3.338,1.258
1.982,-3.301,1.353
1.993,-3.229,1.359
1.963,-3.207,1.481
1.950,-3.178,1.654
2.066,-3.150,1.665
2.037,-3.183,1.696
1.979,-3.197,1.595
2.063,-3.134,1.519
2.050,-3.189,1.575
2.025,-3.157,1.517
1.974,-3.188,1.587
2.050,-3.149,1.617
2.000,-3.221,1.527
2.002,-3.233,1.585
2.085,-3.188,1.457
2.101,-3.188,1.331
2.030,-3.261,1.427
1.991,-3.162,1.519
2.104,-3.137,1.407
1.995,-3.286,1.533
2.483,-3.134,1.149
2.412,-3.135,1.175
2.238,-3.283,1.196
2.118,-3.279,1.146
2.193,-3.294,1.215
2.149,-3.244,1.107
2.202,-3.210,1.229
2.092,-3.289,1.271
2.206,-3.216,1.281
1.960,-3.300,1.280
2.132,-3.272,1.100
2.150,-3.276,1.134
2.069,-3.301,1.094
2.182,-3.265,1.202
2.096,-3.247,1.200
2.181,-3.218,1.196
2.187,-3.212,1.186
2.208,-3.185,1.353
2.295,-3.136,1.280
2.257,-3.176,1.294
2.322,-3.132,1.118
2.326,-3.108,1.168
2.330,-3.125,1.268
2.253,-3.180,1.349
2.190,-3.153,1.303
2.272,-3.208,1.203
2.194,-3.266,1.049
2.320,-3.156,1.017
2.319,-3.192,0.928
2.290,-3.177,1.163
2.204,-3.168,1.379
2.225,-3.211,1.200
2.218,-3.231,1.172
2.263,-3.189,1.256
2.242,-3.159,1.206
2.302,-3.158,1.145
2.260,-3.211,1.150
2.146,-3.232,1.201
2.315,-3.170,1.031
2.242,-3.191,1.188
2.232,-3.188,1.234
2.317,-3.141,1.222
2.264,-3.195,1.229
2.105,-3.270,1.241
2.114,-3.234,1.229
2.223,-3.221,1.039
-,-,-
2.275,-3.146,1.294
2.222,-3.168,1.204
2.174,-3.200,1.199
2.171,-3.162,1.284
2.306,-3.165,1.210
2.275,-3.145,1.278
2.055,-3.234,1.472
2.134,-3.188,1.314
2.205,-3.195,1.132
2.222,-3.214,1.176
2.161,-3.234,1.312
2.063,-3.219,1.219
2.085,-3.244,1.231
2.136,-3.247,1.282
2.118,-3.197,1.347
2.157,-3.243,1.267
2.177,-3.231,1.301
2.110,-3.256,1.268
2.049,-3.252,1.207
2.104,-3.272,1.232
2.098,-3.272,1.267
2.067,-3.233,1.315
2.087,-3.262,1.290
2.095,-3.231,1.309
2.046,-3.316,1.347
2.048,-3.214,1.307
2.047,-3.286,1.437
1.985,-3.280,1.504
2.043,-3.260,1.286
2.015,-3.297,1.220
1.998,-3.295,1.260
2.033,-3.233,1.316
2.051,-3.228,1.433
1.967,-3.270,1.605
1.937,-3.268,1.433
2.007,-3.230,1.460
1.830,-3.306,1.552
2.000,-3.245,1.305
2.032,-3.263,1.508
2.046,-3.197,1.380
2.082,-3.168,1.314
1.987,-3.243,1.503
2.093,-3.194,1.409
2.017,-3.205,1.546
2.105,-3.141,1.511
2.103,-3.280,1.443
2.125,-3.261,1.189
2.111,-3.215,1.094
2.050,-3.265,1.420
2.028,-3.237,1.479
2.083,-3.255,1.414
2.166,-3.210,1.353
1.992,-3.252,1.177
2.060,-3.289,1.378
1.985,-3.322,1.465
2.050,-3.213,1.335
2.039,-3.297,1.479
2.008,-3.275,1.283
1.998,-3.242,1.342
2.075,-3.298,1.261
2.091,-3.217,1.331
2.053,-3.254,1.223
2.054,-3.223,1.323
2.054,-3.249,1.395
2.011,-3.238,1.458
2.026,-3.206,1.480
2.066,-3.187,1.519
2.134,-3.191,1.454
2.126,-3.232,1.386
2.037,-3.240,1.338
2.109,-3.242,1.210
2.164,-3.233,1.335
2.112,-3.229,1.333
2.077,-3.223,1.313
2.080,-3.257,1.329
2.146,-3.265,1.137
2.200,-3.205,1.130
2.242,-3.189,1.166
2.197,-3.232,1.206
2.119,-3.201,1.366
2.109,-3.242,1.445
2.158,-3.248,1.225
2.188,-3.205,1.253
2.229,-3.185,1.264
2.216,-3.171,1.183
2.189,-3.186,1.366
2.299,-3.153,1.317
2.197,-3.172,1.312
2.075,-3.231,1.396
2.184,-3.208,1.269
-,-,-
2.212,-3.225,1.218
2.228,-3.195,1.239
2.108,-3.191,1.309
2.155,-3.194,1.284
2.269,-3.183,1.154
2.298,-3.183,1.087
2.011,-3.286,1.407
1.906,-3.328,1.475
1.985,-3.303,1.208
2.021,-3.292,1.244
1.907,-3.316,1.408
2.194,-3.181,1.257
2.020,-3.220,1.668
1.854,-3.285,1.767
2.021,-3.219,1.394
1.801,-3.327,1.534
1.701,-3.399,1.476
1.960,-3.339,1.243
1.903,-3.316,1.420
1.856,-3.331,1.362
1.974,-3.237,1.389
1.979,-3.306,1.552
1.942,-3.252,1.357
1.967,-3.254,1.423
1.908,-3.283,1.653
1.816,-3.343,1.575
1.904,-3.301,1.302
1.853,-3.300,1.493
1.928,-3.301,1.467
1.966,-3.274,1.389
1.919,-3.330,1.373
1.835,-3.328,1.339
1.848,-3.306,1.426
1.861,-3.336,1.441
1.829,-3.309,1.427
1.819,-3.351,1.527
1.854,-3.282,1.433
1.862,-3.316,1.434
1.917,-3.274,1.400
1.907,-3.258,1.453
1.907,-3.208,1.604
1.885,-3.266,1.613
1.809,-3.277,1.671
2.071,-3.195,1.500
2.109,-3.188,1.465
2.116,-3.113,1.441
2.029,-3.172,1.562
2.108,-3.194,1.394
2.119,-3.125,1.576
1.934,-3.249,1.569
1.999,-3.217,1.462
2.006,-3.297,1.455
2.118,-3.276,1.235
2.094,-3.234,1.236
2.053,-3.274,1.525
1.987,-3.243,1.400
1.932,-3.295,1.323
2.021,-3.376,1.400
1.946,-3.384,1.269
1.860,-3.388,1.227
1.993,-3.353,1.098
1.950,-3.343,1.197
1.801,-3.312,1.591
1.843,-3.242,1.562
1.944,-3.262,1.434
2.099,-3.257,1.332
2.121,-3.253,1.146
2.077,-3.296,1.328
2.021,-3.324,1.363
2.109,-3.239,1.191
2.181,-3.243,1.191
2.108,-3.278,1.234
2.075,-3.256,1.246
2.090,-3.241,1.266
2.117,-3.248,1.243
2.120,-3.245,1.232
2.058,-3.245,1.202
2.200,-3.222,1.114
2.220,-3.213,1.199
2.026,-3.261,1.305
2.033,-3.259,1.329
2.030,-3.293,1.362
2.144,-3.261,1.216
2.081,-3.248,1.250
2.104,-3.252,1.261
2.170,-3.255,1.196
2.164,-3.229,1.272
2.101,-3.261,1.289
2.118,-3.270,1.269
2.103,-3.266,1.191
2.069,-3.244,1.266
-,-,-
2.051,-3.246,1.351
2.134,-3.198,1.251
2.209,-3.247,1.072
2.185,-3.200,1.132
2.055,-3.267,1.286
1.979,-3.299,1.394
2.084,-3.297,1.298
2.018,-3.251,1.265
2.021,-3.228,1.359
2.001,-3.276,1.481
1.916,-3.237,1.573
1.849,-3.263,1.627
1.937,-3.274,1.515
1.936,-3.305,1.434
1.905,-3.253,1.446
1.943,-3.270,1.494
2.017,-3.258,1.497
1.957,-3.228,1.517
1.905,-3.259,1.540
1.917,-3.300,1.584
1.878,-3.327,1.437
1.890,-3.301,1.368
1.882,-3.322,1.516
1.843,-3.324,1.532
1.952,-3.246,1.390
1.961,-3.280,1.451
1.937,-3.280,1.382
1.919,-3.277,1.409
1.952,-3.247,1.460
1.964,-3.232,1.563
2.049,-3.216,1.511
1.960,-3.243,1.513
1.983,-3.254,1.473
2.009,-3.260,1.366
1.963,-3.251,1.461
1.956,-3.294,1.392
2.025,-3.288,1.521
2.056,-3.262,1.158
2.015,-3.277,1.134
2.124,-3.283,1.284
2.100,-3.283,1.215
2.060,-3.310,1.225
1.968,-3.318,1.132
2.020,-3.368,1.200
2.024,-3.334,1.289
2.065,-3.341,1.163
1.943,-3.344,1.263
1.981,-3.284,1.302
1.993,-3.331,1.312
2.017,-3.314,1.262
2.001,-3.292,1.332
2.000,-3.297,1.261
2.023,-3.316,1.308
1.999,-3.251,1.270
1.947,-3.270,1.450
1.925,-3.283,1.550
1.938,-3.271,1.478
2.099,-3.239,1.349
2.095,-3.318,1.114
2.115,-3.255,1.225
2.097,-3.277,1.292
2.089,-3.280,1.319
1.976,-3.283,1.368
2.048,-3.284,1.172
2.090,-3.261,1.129
1.993,-3.321,1.213
2.001,-3.337,1.120
2.050,-3.284,1.185
2.116,-3.280,1.126
2.134,-3.277,1.019
2.130,-3.252,1.062
2.186,-3.260,1.180
2.094,-3.281,1.281
2.102,-3.281,1.219
2.131,-3.233,1.152
2.143,-3.265,1.155
2.063,-3.286,1.226
2.122,-3.260,1.193
2.170,-3.255,1.131
2.066,-3.276,1.213
2.078,-3.316,1.230
2.040,-3.257,1.229
2.107,-3.280,1.180
2.133,-3.278,1.255
2.087,-3.252,1.213
2.163,-3.263,1.139
2.109,-3.279,1.259
2.158,-3.306,1.285
-,-,-
2.138,-2.750,2.199
2.148,-2.764,2.172
2.204,-2.968,2.008
2.261,-2.813,2.058
2.157,-2.778,2.146
2.150,-2.765,2.148
2.188,-2.795,2.134
2.264,-2.730,2.078
2.201,-2.734,2.163
2.193,-2.818,2.045
2.189,-2.865,2.112
2.164,-2.844,2.026
2.175,-2.830,2.131
2.280,-2.903,2.038
2.246,-2.808,1.918
1.842,-3.027,2.003
1.709,-3.044,2.153
1.406,-2.986,2.442
1.644,-3.032,2.337
1.673,-3.100,2.145
1.768,-3.031,1.710
1.755,-3.104,2.073
1.819,-3.028,2.048
1.703,-3.141,2.036
1.852,-3.104,1.982
1.754,-3.030,1.977
1.750,-3.160,2.054
1.793,-2.899,2.174
1.594,-3.245,2.011
1.739,-3.090,2.071
1.831,-3.082,2.008
1.821,-3.055,1.909
1.612,-3.104,2.047
1.663,-3.116,2.126
1.628,-3.088,2.169
1.570,-3.159,2.127
1.651,-3.180,2.096
1.748,-3.137,2.059
1.812,-3.084,1.857
1.604,-3.204,1.940
1.752,-3.180,1.890
1.768,-3.112,1.780
1.605,-3.249,1.894
1.739,-3.171,1.861
1.655,-3.200,1.879
1.707,-3.229,1.847
1.777,-3.279,1.766
1.749,-3.289,1.768
1.744,-3.235,1.687
2.005,-3.183,1.617
1.780,-3.256,1.850
1.736,-3.243,1.884
1.821,-3.163,1.822
1.895,-3.159,1.788
1.843,-3.240,1.784
1.850,-3.231,1.714
1.885,-3.176,1.617
1.898,-3.120,1.754
1.887,-3.094,1.808
1.946,-3.080,1.713
1.774,-3.143,2.009
2.025,-3.092,1.943
1.991,-3.063,1.824
2.017,-3.043,1.777
1.966,-3.045,1.849
2.051,-2.966,1.894
2.074,-2.938,2.190
2.012,-2.942,2.171
2.006,-2.972,2.000
2.012,-2.986,1.962
1.936,-2.975,2.081
1.948,-3.000,2.063
1.892,-2.988,2.108
1.909,-2.986,2.092
1.934,-2.979,2.040
2.005,-2.926,2.012
1.930,-2.989,2.037
1.981,-2.952,2.069
1.981,-2.977,2.054
2.004,-2.937,2.032
2.015,-2.950,2.044
2.066,-2.915,2.037
1.965,-2.973,2.040
-,-,-
2.012,-2.886,2.128
1.956,-2.887,2.159
1.935,-2.882,2.178
1.922,-2.939,2.118
1.944,-2.870,2.229
1.982,-2.861,2.192
2.079,-2.855,2.068
1.953,-2.864,2.201
1.799,-2.914,2.276
1.838,-2.925,2.182
1.944,-2.889,2.271
1.996,-2.857,2.274
1.870,-2.936,2.124
1.911,-2.948,2.094
1.861,-2.981,2.275
1.889,-2.962,2.105
1.920,-2.891,2.150
1.939,-2.975,2.140
1.879,-3.030,2.025
1.862,-3.016,2.069
1.635,-3.149,2.240
1.584,-3.137,2.027
1.538,-3.309,1.826
1.773,-3.126,1.667
1.776,-3.054,1.956
1.729,-2.994,2.355
1.713,-2.985,2.347
1.676,-2.986,2.216
1.751,-3.070,2.208
1.704,-3.139,2.102
1.708,-3.093,2.035
1.679,-3.122,2.045
1.684,-3.112,2.077
1.632,-3.115,2.064
1.603,-3.142,2.098
1.689,-3.071,2.024
1.798,-3.122,1.987
1.869,-3.051,1.798
1.761,-3.137,1.930
1.856,-3.144,1.941
1.990,-3.213,1.722
1.799,-3.224,1.806
1.874,-3.214,1.726
1.836,-3.240,1.750
1.757,-3.236,1.703
1.800,-3.222,1.759
1.687,-3.264,1.814
1.709,-3.239,1.779
1.740,-3.203,1.790
1.734,-3.202,1.795
1.875,-3.160,1.819
1.855,-3.151,1.859
1.851,-3.158,1.796
1.806,-3.176,1.785
1.870,-3.155,1.779
1.862,-3.187,1.798
1.812,-3.188,1.800
1.930,-3.137,1.753
1.945,-3.071,1.843
1.992,-3.096,1.859
2.121,-3.031,1.796
1.932,-3.077,1.907
1.932,-3.080,1.903
2.008,-3.063,1.804
2.077,-3.042,1.821
2.139,-3.002,1.771
2.166,-2.999,1.857
1.990,-3.074,1.882
1.840,-3.121,1.865
1.954,-3.129,1.782
1.974,-3.097,1.757
1.925,-3.130,1.741
2.032,-3.086,1.704
1.993,-3.143,1.833
1.957,-3.099,1.853
1.966,-3.101,1.774
1.937,-3.079,1.767
1.955,-3.121,1.834
1.912,-3.109,1.899
1.976,-3.083,1.890
2.038,-3.029,1.874
2.033,-3.082,1.814
2.063,-3.054,1.715
2.098,-3.062,1.744
2.008,-3.064,1.799
1.995,-3.075,1.827
2.000,-3.089,1.757
1.976,-3.091,1.762
-,-,-
2.000,-3.052,1.823
2.005,-3.086,1.817
1.938,-3.102,1.815
2.008,-3.087,1.800
2.004,-3.107,1.815
2.026,-3.059,1.775
2.090,-3.034,1.804
2.102,-3.049,1.775
2.101,-3.030,1.812
2.044,-3.047,1.836
1.937,-3.067,1.860
1.765,-3.104,1.976
1.774,-3.113,2.085
1.798,-3.096,2.009
1.914,-3.069,1.860
1.922,-3.092,1.888
1.861,-3.087,1.950
1.879,-3.081,1.918
1.896,-3.070,1.887
1.880,-3.101,1.915
1.926,-3.100,1.868
1.970,-3.086,1.810
1.988,-3.113,1.798
1.988,-3.094,1.752
1.925,-3.131,1.767
1.864,-3.131,1.835
1.842,-3.137,1.860
1.938,-3.108,1.801
1.975,-3.092,1.818
1.899,-3.058,1.902
1.867,-3.070,1.919
1.904,-3.059,1.912
1.908,-3.131,1.879
1.905,-3.136,1.817
2.036,-3.054,1.841
2.004,-3.104,1.833
1.946,-3.080,1.811
1.916,-3.073,1.829
1.918,-3.101,1.990
1.917,-3.064,1.915
1.965,-3.078,1.848
1.995,-3.044,1.785
1.966,-3.098,1.775
1.974,-3.110,1.834
2.017,-3.101,1.786
2.104,-3.045,1.730
2.021,-3.102,1.796
2.007,-3.091,1.758
1.977,-3.107,1.811
1.930,-3.027,1.824
1.958,-3.069,1.805
1.983,-3.104,1.797
1.998,-3.080,1.786
1.983,-3.119,1.826
1.964,-3.067,1.790
1.971,-3.101,1.839
1.953,-3.093,1.815
1.991,-3.115,1.713
2.061,-3.106,1.756
1.963,-3.104,1.822
1.997,-3.082,1.793
2.052,-3.070,1.837
1.989,-3.065,1.780
2.077,-3.080,1.780
1.948,-3.133,1.823
2.064,-3.081,1.724
1.997,-3.105,1.670
2.000,-3.183,1.711
2.002,-3.167,1.777
2.047,-3.032,1.694
2.124,-3.013,1.612
1.775,-3.103,2.045
1.910,-3.033,1.976
1.912,-3.084,1.964
2.145,-2.997,1.752
2.147,-3.027,1.759
2.133,-2.998,1.771
2.077,-3.023,1.846
2.003,-3.061,1.857
1.964,-3.075,1.892
1.975,-3.076,1.846
2.062,-3.056,1.783
2.082,-3.011,1.844
1.952,-3.051,1.916
1.953,-3.091,1.804
1.996,-3.055,1.854
2.036,-3.049,1.846
2.117,-2.990,1.784
2.171,-2.974,1.801
2.113,-2.973,1.869
2.053,-3.009,1.868
2.036,-3.035,1.874
1.960,-3.043,1.913
-,-,-
2.125,-3.028,1.823
2.039,-3.013,1.846
2.137,-3.031,1.851
2.173,-2.977,1.718
2.075,-3.022,1.798
2.008,-3.014,1.951
1.975,-3.051,1.998
1.971,-3.059,2.000
1.876,-3.035,1.997
2.013,-3.050,1.943
2.004,-3.020,1.829
1.809,-3.133,1.834
2.002,-3.116,1.812
1.944,-3.081,1.836
1.993,-3.113,1.814
1.996,-3.099,1.699
2.014,-3.099,1.703
2.005,-3.082,1.807
2.010,-3.089,1.851
1.990,-3.140,1.692
2.010,-3.165,1.643
1.971,-3.141,1.679
1.942,-3.152,1.759
1.852,-3.155,1.885
1.934,-3.153,1.858
1.906,-3.150,1.740
1.850,-3.202,1.734
1.976,-3.123,1.640
1.976,-3.160,1.799
1.954,-3.165,1.684
1.999,-3.141,1.683
1.930,-3.147,1.824
1.974,-3.148,1.771
1.925,-3.094,1.770
1.975,-3.119,1.751
1.992,-3.087,1.754
1.932,-3.116,1.797
2.069,-3.085,1.773
2.007,-3.094,1.779
2.026,-3.145,1.693
2.024,-3.101,1.723
2.000,-3.101,1.723
1.952,-3.164,1.784
2.057,-3.095,1.713
2.038,-3.128,1.747
2.096,-3.141,1.619
1.983,-3.144,1.749
1.974,-3.165,1.710
2.044,-3.163,1.655
2.000,-3.151,1.679
2.059,-3.145,1.565
2.095,-3.148,1.586
2.091,-3.131,1.595
2.071,-3.136,1.579
2.063,-3.136,1.629
2.096,-3.130,1.634
2.037,-3.113,1.666
2.015,-3.110,1.712
1.920,-3.172,1.667
1.921,-3.149,1.634
1.910,-3.065,1.776
1.970,-3.136,1.702
2.105,-3.116,1.634
2.119,-3.050,1.752
2.101,-3.066,1.708
2.091,-3.094,1.812
2.021,-3.109,1.786
2.110,-3.102,1.665
2.123,-3.073,1.646
2.123,-3.097,1.621
2.091,-3.104,1.687
2.143,-3.100,1.578
2.129,-3.086,1.639
2.100,-3.102,1.655
2.017,-3.121,1.751
2.104,-3.054,1.687
2.184,-3.024,1.691
2.202,-3.007,1.706
2.165,-3.000,1.640
2.051,-3.060,1.725
2.115,-3.062,1.756
2.141,-3.046,1.718
2.130,-3.045,1.727
2.123,-3.038,1.712
2.165,-3.037,1.707
2.102,-3.043,1.719
2.072,-3.061,1.725
-,-,-
2.197,-2.989,1.682
2.114,-3.003,1.746
2.086,-3.049,1.753
2.128,-3.011,1.821
2.173,-2.996,1.755
2.248,-2.988,1.610
2.249,-2.990,1.681
2.167,-3.004,1.772
2.048,-3.053,1.922
2.098,-3.034,1.746
2.185,-3.021,1.663
2.113,-3.049,1.727
2.117,-3.064,1.723
2.144,-3.017,1.687
2.076,-3.039,1.812
2.082,-3.086,1.811
2.150,-3.121,1.602
2.180,-3.026,1.549
2.125,-3.151,1.667
2.175,-3.087,1.556
2.109,-3.062,1.712
2.008,-3.070,1.858
2.082,-3.112,1.749
1.952,-3.079,1.773
2.034,-3.130,1.702
2.047,-3.096,1.643
2.108,-3.083,1.678
2.077,-3.045,1.725
2.074,-3.052,1.880
2.047,-3.098,1.771
2.099,-3.039,1.665
2.043,-3.042,1.818
2.166,-3.010,1.787
2.207,-2.987,1.756
2.199,-3.025,1.735
2.147,-3.030,1.646
2.156,-3.055,1.645
2.069,-3.037,1.687
2.113,-3.053,1.679
2.134,-3.098,1.662
2.146,-3.099,1.596
2.140,-3.091,1.556
2.130,-3.104,1.633
2.174,-3.124,1.527
2.073,-3.101,1.616
2.116,-3.086,1.586
2.177,-3.055,1.570
2.135,-3.093,1.643
2.126,-3.104,1.607
2.061,-3.161,1.613
2.160,-3.110,1.415
2.205,-3.118,1.503
2.092,-3.179,1.519
2.145,-3.131,1.334
2.069,-3.137,1.470
2.118,-3.157,1.500
2.166,-3.084,1.588
2.200,-3.124,1.499
2.101,-3.120,1.575
1.996,-3.108,1.727
1.991,-3.091,1.755
1.995,-3.100,1.827
2.049,-3.095,1.663
2.257,-3.032,1.575
2.161,-3.032,1.721
2.196,-3.041,1.768
2.025,-3.076,1.805
2.016,-3.101,1.740
2.127,-3.077,1.661
2.142,-3.051,1.619
2.211,-3.017,1.712
2.175,-3.054,1.702
2.221,-3.052,1.606
2.157,-3.071,1.687
2.154,-3.015,1.680
2.100,-3.093,1.647
2.166,-3.028,1.657
2.154,-3.037,1.743
2.121,-3.057,1.779
-,-,-
2.187,-2.840,1.989
2.189,-2.846,1.999
2.235,-2.821,1.965
2.255,-2.829,1.921
2.304,-2.791,1.902
2.273,-2.830,1.956
2.287,-2.815,1.963
2.292,-2.785,1.942
2.214,-2.814,2.057
2.209,-2.857,1.947
2.196,-2.854,2.055
2.168,-2.838,1.985
2.236,-2.817,2.077
2.306,-2.798,1.924
2.312,-2.804,1.910
2.315,-2.821,1.936
2.213,-2.875,2.008
2.221,-2.880,1.943
2.242,-2.859,1.956
2.301,-2.849,1.912
2.311,-2.799,1.915
2.229,-2.904,1.929
2.256,-2.782,2.060
2.193,-2.926,1.904
2.164,-2.832,1.858
2.086,-2.940,1.884
2.172,-2.944,1.815
2.090,-2.972,1.822
2.148,-2.998,1.812
2.068,-2.997,1.883
2.103,-3.016,1.812
2.097,-3.016,1.862
2.092,-3.023,1.820
2.119,-2.978,1.749
2.086,-2.984,1.865
2.082,-2.979,1.935
2.011,-2.976,1.896
1.967,-3.005,1.925
2.033,-3.006,1.954
2.070,-2.968,1.960
2.065,-2.989,1.898
1.958,-3.023,1.932
1.969,-3.000,1.990
1.903,-3.044,2.079
1.882,-3.033,2.004
1.889,-3.007,1.863
1.715,-3.151,2.045
2.021,-3.075,1.742
2.072,-3.063,1.733
1.925,-3.084,1.739
1.937,-3.246,1.818
2.016,-3.122,1.724
1.939,-3.142,1.759
1.997,-3.127,1.705
2.019,-3.139,1.680
1.954,-3.108,1.679
2.012,-3.160,1.728
1.926,-3.150,1.755
2.020,-3.156,1.575
1.937,-3.211,1.651
2.057,-3.173,1.496
1.996,-3.179,1.621
2.021,-3.153,1.623
2.149,-3.180,1.471
2.080,-3.131,1.598
2.088,-3.059,1.647
2.012,-3.049,1.852
2.076,-3.092,1.811
2.126,-3.067,1.680
2.234,-3.066,1.459
2.244,-3.097,1.451
2.262,-3.039,1.517
2.267,-3.016,1.538
2.233,-3.068,1.545
2.098,-3.092,1.716
2.153,-3.058,1.678
2.217,-3.042,1.650
2.355,-3.021,1.443
2.275,-3.091,1.274
2.084,-3.130,1.413
1.932,-3.207,1.521
2.016,-3.175,1.604
2.053,-3.163,1.532
2.059,-3.184,1.520
2.071,-3.170,1.533
2.126,-3.105,1.543
2.155,-3.145,1.527
2.064,-3.168,1.576
2.012,-3.152,1.551
-,-,-
2.217,-3.113,1.448
2.202,-3.126,1.492
2.072,-3.177,1.626
1.947,-3.217,1.670
1.835,-3.270,1.536
2.001,-3.221,1.390
2.002,-3.188,1.610
2.117,-3.156,1.552
2.128,-3.142,1.581
2.000,-3.141,1.596
2.048,-3.167,1.540
1.971,-3.188,1.693
2.192,-3.125,1.546
2.084,-3.161,1.551
1.989,-3.232,1.545
2.022,-3.211,1.556
2.073,-3.192,1.444
2.017,-3.208,1.509
2.007,-3.218,1.500
2.024,-3.036,1.656
2.048,-3.117,1.656
1.971,-3.164,1.652
2.048,-3.171,1.570
2.108,-3.227,1.427
2.127,-3.145,1.440
2.069,-3.184,1.538
2.073,-3.241,1.458
2.099,-3.165,1.365
2.069,-3.175,1.506
2.040,-3.172,1.550
2.023,-3.130,1.586
2.009,-3.094,1.691
2.126,-3.096,1.801
2.083,-3.066,1.761
2.098,-3.088,1.680
2.045,-3.136,1.590
2.054,-3.141,1.490
2.122,-3.099,1.482
2.170,-3.148,1.483
2.201,-3.136,1.453
2.212,-3.139,1.417
2.120,-3.127,1.501
2.075,-3.155,1.528
2.027,-3.158,1.522
2.003,-3.212,1.472
2.138,-3.210,1.348
2.122,-3.211,1.447
2.024,-3.233,1.423
2.077,-3.211,1.495
2.074,-3.212,1.479
2.120,-3.205,1.371
2.156,-3.178,1.415
2.140,-3.225,1.464
2.100,-3.204,1.371
2.166,-3.152,1.324
2.162,-3.149,1.418
2.027,-3.175,1.652
2.012,-3.162,1.648
2.146,-3.133,1.574
2.250,-3.097,1.435
2.258,-3.099,1.418
2.319,-3.068,1.399
2.255,-3.108,1.477
2.222,-3.091,1.470
2.201,-3.101,1.488
2.225,-3.110,1.489
2.288,-3.070,1.443
2.136,-3.154,1.527
2.087,-3.170,1.437
2.145,-3.156,1.447
2.183,-3.130,1.437
2.251,-3.129,1.350
2.166,-3.136,1.584
2.129,-3.096,1.619
2.140,-3.114,1.475
2.074,-3.154,1.650
2.189,-3.067,1.522
2.197,-3.074,1.500
2.129,-3.122,1.607
2.253,-3.077,1.478
2.285,-3.090,1.510
2.202,-3.080,1.512
2.220,-3.062,1.486
2.228,-3.069,1.490
2.266,-3.076,1.452
2.219,-3.072,1.543
2.135,-3.107,1.600
-,-,-
2.220,-3.070,1.488
2.195,-3.096,1.521
2.196,-3.126,1.466
2.199,-3.122,1.396
2.194,-3.122,1.425
2.190,-3.115,1.602
2.131,-3.098,1.609
2.068,-3.096,1.558
2.036,-3.176,1.699
1.846,-3.197,1.726
1.765,-3.165,1.771
1.553,-3.274,2.017
1.771,-3.213,1.970
1.903,-3.186,1.683
1.812,-3.162,1.577
1.850,-3.227,1.622
1.840,-3.192,1.766
1.777,-3.217,1.793
1.886,-3.157,1.846
1.719,-3.283,1.843
1.835,-3.228,1.704
1.835,-3.141,1.742
1.841,-3.186,1.839
1.743,-3.247,1.874
1.878,-3.194,1.658
1.891,-3.216,1.613
1.847,-3.260,1.680
1.909,-3.211,1.646
1.920,-3.195,1.625
1.845,-3.225,1.677
1.822,-3.218,1.738
1.864,-3.179,1.786
1.834,-3.215,1.769
1.873,-3.188,1.692
1.818,-3.225,1.710
1.965,-3.182,1.684
1.854,-3.210,1.662
1.799,-3.220,1.742
1.793,-3.220,1.771
1.749,-3.238,1.780
2.002,-3.168,1.729
1.875,-3.184,1.849
1.938,-3.180,1.702
1.935,-3.191,1.631
1.903,-3.201,1.591
1.950,-3.145,1.637
2.002,-3.158,1.807
1.970,-3.129,1.741
1.825,-3.174,1.716
1.827,-3.170,1.804
1.873,-3.194,1.711
1.986,-3.140,1.666
1.983,-3.152,1.713
2.011,-3.151,1.596
2.012,-3.156,1.661
2.034,-3.165,1.753
2.067,-3.096,1.668
2.094,-3.132,1.479
1.956,-3.226,1.592
2.016,-3.207,1.360
2.071,-3.223,1.384
1.938,-3.238,1.562
2.043,-3.248,1.498
2.035,-3.200,1.487
1.937,-3.274,1.510
2.045,-3.230,1.422
1.987,-3.232,1.441
1.887,-3.283,1.531
2.070,-3.195,1.460
1.881,-3.192,1.564
1.762,-3.190,1.769
1.827,-3.248,1.944
2.303,-3.062,1.567
2.243,-3.070,1.381
2.221,-3.092,1.379
2.232,-3.094,1.443
2.170,-3.077,1.624
2.039,-3.124,1.695
1.979,-3.156,1.751
1.937,-3.156,1.687
2.038,-3.146,1.625
2.150,-3.119,1.522
2.108,-3.123,1.607
2.068,-3.111,1.605
2.061,-3.145,1.642
2.005,-3.153,1.668
2.031,-3.114,1.607
2.182,-3.062,1.461
2.229,-3.055,1.548
2.204,-3.086,1.597
2.028,-3.139,1.673
1.955,-3.144,1.761
2.073,-3.137,1.685
2.176,-3.092,1.582
-,-,-
2.018,-3.153,1.591
2.066,-3.112,1.721
2.062,-3.146,1.683
2.028,-3.195,1.530
1.979,-3.174,1.543
2.040,-3.155,1.556
2.090,-3.128,1.596
1.999,-3.162,1.662
1.986,-3.173,1.613
1.839,-3.166,1.789
1.765,-3.195,1.917
2.121,-3.135,1.521
2.092,-3.110,1.454
1.949,-3.164,1.625
1.847,-3.206,1.711
1.771,-3.169,1.959
1.758,-3.167,1.985
1.853,-3.153,1.820
1.825,-3.202,1.877
1.883,-3.097,1.851
1.805,-3.190,1.841
1.765,-3.164,1.885
1.907,-3.091,1.853
1.657,-3.259,2.028
1.776,-3.191,1.820
1.742,-3.254,1.816
1.785,-3.146,1.831
1.780,-3.200,1.861
1.777,-3.130,1.938
1.813,-3.151,1.946
1.784,-3.169,1.864
1.740,-3.147,1.908
1.769,-3.161,1.865
1.757,-3.202,1.900
1.761,-3.179,1.849
1.777,-3.168,1.821
1.757,-3.161,1.875
1.817,-3.175,1.829
1.829,-3.162,1.807
1.748,-3.181,1.917
1.760,-3.153,1.875
1.733,-3.167,1.986
1.784,-3.139,1.844
1.737,-3.154,1.905
1.755,-3.168,1.977
1.833,-3.098,1.898
1.752,-3.123,1.896
1.816,-3.137,1.920
1.878,-3.147,1.895
1.960,-3.070,1.800
1.808,-3.174,1.915
2.062,-3.039,1.759
1.908,-3.137,1.842
1.910,-3.160,1.867
1.963,-3.124,1.728
2.033,-3.187,1.680
1.997,-3.152,1.558
2.056,-3.213,1.498
1.971,-3.233,1.591
1.900,-3.219,1.720
1.876,-3.220,1.637
1.944,-3.188,1.642
1.899,-3.229,1.684
1.933,-3.192,1.693
1.946,-3.210,1.716
1.889,-3.227,1.669
1.971,-3.149,1.588
1.909,-3.208,1.775
1.848,-3.188,1.822
1.880,-3.162,1.807
1.873,-3.181,1.765
1.922,-3.174,1.785
2.052,-3.099,1.750
2.210,-3.045,1.617
2.227,-3.089,1.491
2.217,-3.084,1.443
2.135,-3.099,1.494
2.067,-3.117,1.697
2.085,-3.140,1.674
2.048,-3.125,1.661
2.057,-3.130,1.621
2.091,-3.121,1.584
2.076,-3.124,1.605
2.090,-3.172,1.636
2.096,-3.124,1.654
2.136,-3.105,1.564
2.155,-3.075,1.547
2.125,-3.130,1.614
2.062,-3.133,1.665
1.993,-3.149,1.727
1.985,-3.164,1.730
2.008,-3.075,1.792
-,-,-
2.061,-3.075,1.713
2.114,-3.099,1.726
2.184,-3.097,1.560
2.058,-3.087,1.579
2.128,-3.126,1.472
2.062,-3.124,1.635
2.063,-3.093,1.749
1.984,-3.110,1.711
1.940,-3.161,1.723
1.963,-3.117,1.821
1.932,-3.094,1.799
1.746,-3.188,1.941
1.645,-3.195,2.046
1.738,-3.150,2.068
1.841,-3.127,1.940
1.787,-3.166,1.879
1.894,-3.110,1.709
1.972,-3.093,1.814
1.879,-3.116,1.837
1.741,-3.136,2.035
1.814,-3.096,2.013
1.863,-3.141,1.789
1.763,-3.167,1.918
1.834,-3.146,1.946
1.794,-3.180,1.906
1.878,-3.198,1.748
1.849,-3.178,1.844
1.897,-3.151,1.701
1.791,-3.186,1.884
1.762,-3.186,1.877
1.795,-3.170,1.863
1.763,-3.197,1.891
1.785,-3.158,1.774
1.792,-3.138,1.876
1.801,-3.168,1.978
1.776,-3.107,1.961
1.753,-3.156,1.997
1.846,-3.148,1.882
1.771,-3.155,1.846
1.757,-3.182,1.830
1.894,-3.145,1.793
1.829,-3.185,1.834
1.802,-3.183,1.813
1.889,-3.138,1.829
1.910,-3.131,1.844
1.856,-3.115,1.747
1.865,-3.135,1.871
2.061,-3.090,1.754
2.099,-3.081,1.625
1.937,-3.130,1.729
2.032,-3.109,1.731
1.990,-3.143,1.746
1.928,-3.145,1.663
1.949,-3.178,1.656
2.058,-3.153,1.658
2.031,-3.104,1.583
1.990,-3.110,1.650
1.987,-3.157,1.634
2.033,-3.117,1.712
2.012,-3.149,1.538
2.092,-3.155,1.392
2.071,-3.196,1.590
1.988,-3.139,1.857
2.004,-3.167,1.582
1.944,-3.251,1.555
2.008,-3.210,1.548
1.923,-3.212,1.753
1.948,-3.178,1.663
1.816,-3.196,1.784
1.828,-3.117,1.896
1.899,-3.127,1.941
2.272,-3.040,1.616
2.271,-3.014,1.538
2.173,-3.082,1.544
2.194,-3.049,1.581
2.192,-3.031,1.676
2.142,-3.075,1.768
2.011,-3.118,1.814
2.181,-3.036,1.649
2.223,-3.078,1.485
2.211,-3.049,1.462
2.094,-3.085,1.684
2.093,-3.098,1.703
2.072,-3.129,1.628
2.098,-3.080,1.644
2.200,-3.042,1.612
2.226,-3.065,1.590
2.149,-3.067,1.622
2.078,-3.086,1.712
1.993,-3.132,1.786
2.091,-3.082,1.663
-,-,-
2.236,-2.887,1.850
2.201,-2.903,1.882
2.184,-2.892,1.844
2.140,-2.945,1.962
2.231,-2.883,1.858
2.266,-2.875,1.884
2.275,-2.865,1.852
2.220,-2.921,1.856
2.203,-2.919,1.905
2.131,-2.954,1.837
2.131,-2.909,1.965
2.229,-2.915,1.909
2.242,-2.877,1.886
2.159,-2.927,1.858
2.049,-2.950,1.953
2.040,-2.983,1.937
2.142,-2.976,1.885
2.123,-2.993,1.891
2.248,-3.021,1.827
2.199,-2.965,1.662
2.108,-3.037,1.848
2.205,-3.041,1.845
2.005,-3.008,1.827
2.052,-3.071,1.799
1.936,-3.111,1.911
1.939,-3.205,1.748
1.830,-3.441,1.659
2.235,-3.134,1.057
2.019,-3.165,1.485
1.861,-3.188,1.945
1.845,-3.172,1.860
1.839,-3.181,1.705
1.877,-3.206,1.785
1.883,-3.214,1.647
2.040,-3.229,1.588
1.937,-3.201,1.643
1.827,-3.236,1.766
2.001,-3.142,1.697
1.792,-3.218,1.747
1.744,-3.183,1.728
1.854,-3.214,1.680
1.929,-3.196,1.693
1.880,-3.242,1.657
1.840,-3.228,1.688
1.916,-3.220,1.614
1.985,-3.277,1.425
1.945,-3.269,1.385
1.937,-3.260,1.367
1.928,-3.287,1.504
1.883,-3.290,1.551
2.127,-3.189,1.437
1.905,-3.207,1.694
1.956,-3.186,1.614
2.034,-3.140,1.650
1.892,-3.202,1.647
2.014,-3.074,1.685
2.241,-3.029,1.680
2.276,-2.950,1.729
2.409,-2.937,1.691
2.364,-2.899,1.692
2.379,-2.899,1.801
2.341,-2.882,1.745
2.174,-2.974,1.816
2.105,-2.968,1.925
2.156,-2.969,1.806
2.293,-2.912,1.722
2.171,-2.993,1.861
2.295,-2.904,1.824
2.378,-2.888,1.688
2.351,-2.935,1.696
2.217,-2.937,1.860
2.222,-2.951,1.751
2.237,-2.972,1.690
2.272,-2.942,1.770
2.224,-2.938,1.783
2.187,-2.956,1.812
2.229,-2.929,1.761
2.213,-2.937,1.772
-,-,-
2.194,-2.703,2.285
2.219,-2.721,2.177
2.151,-2.722,2.203
2.244,-2.665,2.175
2.242,-2.691,2.211
2.195,-2.698,2.177
2.242,-2.701,2.168
2.144,-2.715,2.143
2.233,-2.693,2.238
2.235,-2.681,2.189
2.288,-2.660,2.143
2.121,-2.722,2.333
2.074,-2.734,2.352
2.137,-2.692,2.175
2.124,-2.744,2.227
2.066,-2.772,2.228
2.142,-2.755,2.201
2.057,-2.741,2.363
2.118,-2.745,2.264
2.062,-2.799,2.139
2.131,-2.744,2.213
2.176,-2.758,2.184
2.155,-2.753,2.177
2.209,-2.775,2.113
2.114,-2.820,2.290
2.070,-2.832,2.114
2.071,-2.820,2.073
1.998,-2.888,2.247
2.026,-2.949,2.021
1.937,-2.909,1.992
2.057,-2.913,2.096
2.025,-2.893,2.069
1.954,-2.990,2.103
2.087,-2.903,1.921
1.994,-2.896,2.053
1.964,-2.958,2.137
2.014,-2.967,2.074
2.066,-2.927,1.968
1.967,-3.015,1.988
1.913,-3.011,2.061
1.992,-2.891,1.990
1.894,-3.047,2.049
1.997,-2.921,2.067
1.938,-2.952,2.109
1.788,-3.040,2.085
1.914,-2.937,2.146
1.858,-2.982,2.085
2.020,-2.855,2.170
2.020,-2.970,2.098
2.119,-2.937,2.116
2.166,-2.937,1.855
2.125,-2.941,1.949
2.182,-2.902,1.854
2.159,-2.947,1.930
2.135,-2.910,1.968
2.104,-2.876,1.992
2.157,-2.917,2.071
2.126,-2.876,2.079
2.132,-2.877,2.009
2.133,-2.930,1.963
2.030,-2.916,2.069
2.161,-2.964,1.902
2.165,-2.890,1.878
2.343,-2.873,1.736
2.238,-2.894,1.913
2.260,-2.830,1.896
2.180,-2.767,2.085
2.243,-2.827,2.000
2.229,-2.771,2.029
2.311,-2.771,1.936
2.287,-2.756,2.116
2.382,-2.700,2.121
2.398,-2.670,1.982
2.334,-2.714,2.070
2.217,-2.741,2.169
2.220,-2.730,2.185
2.242,-2.711,2.080
2.188,-2.765,2.186
2.236,-2.739,2.129
2.245,-2.722,2.120
2.306,-2.709,2.051
2.245,-2.754,2.103
2.300,-2.704,2.191
2.381,-2.689,2.027
2.259,-2.703,2.114
2.261,-2.754,2.058
2.283,-2.714,2.028
2.263,-2.703,2.168
2.277,-2.700,2.162
2.261,-2.725,2.146
2.182,-2.723,2.138
2.206,-2.719,2.179
2.293,-2.711,2.061
2.281,-2.723,2.172
2.275,-2.682,2.137
2.159,-2.744,2.188
-,-,-
2.245,-2.731,2.088
2.271,-2.704,2.107
2.289,-2.779,2.063
2.257,-2.726,2.158
2.185,-2.738,2.100
2.128,-2.790,2.174
2.338,-2.691,2.035
2.446,-2.662,1.959
2.390,-2.684,1.978
2.294,-2.733,2.107
2.398,-2.695,2.195
2.380,-2.672,2.069
2.215,-2.770,2.097
2.420,-2.760,1.786
2.449,-2.747,1.833
2.452,-2.690,1.886
2.460,-2.723,1.940
2.497,-2.726,1.914
2.454,-2.752,1.874
2.257,-2.842,1.848
2.550,-2.743,1.379
2.259,-2.808,1.963
2.294,-2.778,1.983
2.250,-2.822,2.003
2.262,-2.884,1.896
2.295,-2.849,1.747
2.306,-2.869,1.832
2.308,-2.869,1.837
2.218,-2.925,2.062
2.294,-2.835,1.774
2.501,-2.846,1.468
2.350,-2.916,1.600
2.297,-2.934,1.674
2.416,-2.888,1.654
2.367,-2.905,1.708
2.287,-2.861,1.754
2.393,-2.857,1.682
2.314,-2.904,1.859
2.403,-2.817,1.669
2.373,-2.845,1.591
2.384,-2.836,1.786
2.384,-2.858,1.834
2.337,-2.860,1.861
2.365,-2.835,1.724
2.326,-2.866,1.811
2.518,-2.851,1.592
2.414,-2.898,1.576
2.381,-2.902,1.621
2.379,-2.921,1.653
2.463,-2.945,1.530
2.396,-2.938,1.427
2.472,-2.919,1.408
2.421,-2.944,1.606
2.412,-2.918,1.540
2.371,-3.021,1.549
2.383,-2.974,1.500
2.402,-2.962,1.539
2.378,-2.970,1.475
2.376,-2.958,1.497
2.390,-2.903,1.531
2.386,-2.897,1.620
2.308,-2.968,1.695
2.332,-2.924,1.696
2.307,-2.926,1.719
2.293,-2.897,1.735
2.373,-2.864,1.764
2.540,-2.783,1.745
2.731,-2.761,1.379
2.509,-2.878,1.558
2.424,-2.897,1.591
2.333,-2.918,1.649
2.370,-2.904,1.690
2.559,-2.864,1.434
2.511,-2.871,1.490
2.536,-2.852,1.534
2.469,-2.908,1.558
2.388,-2.913,1.672
2.502,-2.889,1.525
2.464,-2.869,1.537
2.354,-2.949,1.705
2.482,-2.897,1.431
2.414,-2.896,1.531
2.356,-2.916,1.633
2.428,-2.936,1.532
2.464,-2.898,1.500
2.479,-2.872,1.512
2.413,-2.895,1.594
2.346,-2.914,1.706
2.411,-2.917,1.565
2.478,-2.920,1.505
-,-,-
2.079,-3.013,1.803
2.074,-3.027,1.848
2.050,-3.017,1.799
2.057,-3.030,1.787
2.154,-2.986,1.745
2.125,-2.979,1.801
1.972,-3.023,2.097
1.912,-3.094,2.099
2.149,-2.979,1.623
2.187,-2.922,1.759
2.114,-2.989,2.134
2.104,-2.979,1.927
2.073,-3.018,1.785
2.120,-3.022,1.817
2.065,-3.027,1.871
2.053,-3.060,1.797
2.076,-3.029,1.825
2.026,-3.051,1.847
2.004,-3.125,1.910
2.115,-3.078,1.650
2.109,-3.103,1.707
2.070,-3.070,1.691
2.053,-3.110,1.791
2.007,-3.099,1.840
2.031,-3.085,1.633
2.103,-3.093,1.703
2.072,-3.071,1.794
2.098,-3.093,1.651
2.067,-3.106,1.688
2.116,-3.128,1.563
2.087,-3.093,1.569
2.156,-3.102,1.658
2.154,-3.063,1.574
2.156,-3.083,1.500
2.115,-3.130,1.513
2.227,-3.091,1.562
2.162,-3.110,1.508
2.158,-3.120,1.475
2.061,-3.091,1.553
2.095,-3.144,1.491
2.158,-3.121,1.443
2.165,-3.095,1.447
1.998,-3.178,1.616
2.050,-3.182,1.653
2.183,-3.150,1.443
2.228,-3.122,1.356
2.155,-3.099,1.475
2.188,-3.108,1.436
2.157,-3.133,1.513
2.184,-3.162,1.434
2.147,-3.169,1.525
2.174,-3.120,1.407
2.221,-3.109,1.438
2.242,-3.065,1.564
2.182,-3.053,1.661
2.219,-3.080,1.537
2.327,-3.071,1.353
2.223,-3.123,1.411
2.201,-3.152,1.600
2.114,-3.150,1.496
2.097,-3.068,1.521
2.079,-3.032,1.761
2.173,-2.986,1.761
2.328,-2.954,1.618
2.524,-2.898,1.468
2.495,-2.901,1.588
2.331,-2.951,1.646
2.272,-2.964,1.719
2.268,-2.973,1.698
2.364,-2.938,1.539
2.361,-2.942,1.538
2.280,-2.960,1.667
2.372,-2.941,1.579
2.381,-2.962,1.545
2.280,-2.964,1.590
2.284,-2.947,1.652
2.320,-2.974,1.669
2.322,-2.948,1.560
2.434,-2.958,1.417
2.398,-2.960,1.545
2.354,-2.950,1.690
2.302,-2.997,1.583
2.349,-2.951,1.527
2.449,-2.957,1.603
2.384,-2.929,1.590
2.294,-2.973,1.547
2.280,-3.018,1.552
2.358,-2.988,1.496
-,-,-
2.209,-2.936,1.749
2.231,-2.920,1.833
2.230,-2.966,1.799
2.106,-2.989,1.832
2.087,-3.018,1.868
2.172,-2.950,1.896
2.204,-2.954,1.861
1.808,-3.077,1.974
2.146,-2.986,1.706
2.166,-2.972,1.858
2.266,-2.888,1.827
2.204,-2.933,2.019
2.208,-2.925,1.937
2.239,-2.945,1.756
2.180,-2.945,1.800
2.087,-2.994,1.886
2.132,-2.970,1.836
2.155,-2.952,1.730
2.165,-2.995,1.838
2.172,-3.013,1.791
2.131,-2.975,1.778
2.142,-2.960,1.823
2.137,-2.936,1.968
2.186,-3.001,1.889
2.153,-3.015,1.807
2.152,-3.000,1.651
2.161,-3.087,1.792
2.189,-2.984,1.724
2.144,-2.956,1.906
2.159,-2.975,1.746
2.104,-2.988,1.835
2.154,-2.947,1.827
2.193,-2.947,1.768
2.092,-2.988,1.891
2.166,-2.990,1.926
2.187,-2.946,1.801
2.074,-2.953,1.890
2.181,-2.917,1.875
2.166,-2.916,1.820
2.122,-2.954,1.925
2.318,-2.910,1.800
2.277,-2.910,1.729
2.248,-2.922,1.712
2.301,-2.913,1.695
2.339,-2.899,1.654
2.306,-2.902,1.760
2.212,-2.988,1.819
2.317,-2.900,1.745
2.298,-2.908,1.831
2.356,-2.966,1.617
2.256,-2.935,1.716
2.289,-2.979,1.769
2.212,-2.974,1.577
2.305,-3.030,1.515
2.310,-3.047,1.559
2.298,-3.026,1.560
2.299,-3.017,1.519
2.258,-3.016,1.587
2.302,-2.979,1.594
2.301,-3.016,1.669
2.271,-2.989,1.655
2.246,-3.016,1.742
2.197,-2.989,1.798
2.168,-2.961,1.769
2.077,-2.981,1.882
2.148,-2.961,1.944
2.407,-2.874,1.687
2.441,-2.905,1.528
2.462,-2.875,1.577
2.394,-2.918,1.646
2.290,-2.906,1.760
2.184,-2.983,1.820
2.283,-2.901,1.709
2.439,-2.861,1.573
2.447,-2.884,1.665
2.431,-2.892,1.632
2.354,-2.918,1.671
2.255,-2.923,1.769
2.304,-2.931,1.707
2.285,-2.925,1.705
2.374,-2.889,1.662
2.395,-2.878,1.697
2.361,-2.894,1.682
2.383,-2.903,1.680
2.336,-2.897,1.687
2.281,-2.915,1.737
2.363,-2.864,1.726
2.378,-2.860,1.786
2.337,-2.850,1.836
-,-,-
2.359,-2.675,2.070
2.468,-2.669,1.879
2.404,-2.721,1.992
2.366,-2.698,2.134
2.233,-2.720,2.095
2.387,-2.690,1.938
2.442,-2.618,2.105
2.308,-2.681,2.146
2.132,-2.751,2.221
2.044,-2.822,2.212
2.229,-2.725,2.097
2.171,-2.772,2.123
2.172,-2.734,2.201
2.311,-2.643,2.229
2.307,-2.641,2.142
2.268,-2.737,2.085
2.170,-2.775,2.046
2.148,-2.794,2.245
2.198,-2.826,2.065
2.185,-2.840,2.124
2.167,-2.796,1.992
2.047,-2.794,2.203
2.008,-2.962,2.094
1.949,-2.891,2.093
1.983,-2.930,2.034
2.017,-2.961,2.002
1.978,-2.987,1.968
2.085,-2.990,1.856
2.049,-3.015,1.863
2.156,-2.989,1.796
2.052,-2.994,1.842
2.060,-3.021,1.949
2.016,-2.992,1.861
2.040,-3.008,1.854
2.037,-3.059,1.880
1.988,-3.042,1.862
2.162,-3.027,1.788
2.005,-3.079,1.747
2.010,-3.079,1.797
2.101,-3.104,1.516
2.031,-3.072,1.817
2.053,-3.050,1.720
2.134,-3.035,1.803
2.127,-3.091,1.745
2.063,-3.090,1.653
2.026,-3.123,1.686
2.167,-3.102,1.516
2.213,-3.093,1.447
2.160,-3.088,1.621
2.207,-3.070,1.522
2.140,-3.062,1.796
2.191,-3.046,1.766
2.131,-3.045,1.626
2.285,-3.080,1.429
2.258,-3.115,1.396
2.219,-3.086,1.424
2.340,-3.082,1.484
2.297,-3.074,1.435
2.396,-2.942,1.315
2.141,-3.086,1.847
2.189,-2.999,1.622
2.240,-3.024,1.672
2.429,-2.958,1.487
2.575,-2.947,1.235
2.436,-2.938,1.477
2.325,-2.983,1.555
2.283,-3.022,1.599
2.448,-2.931,1.510
2.540,-2.914,1.433
2.567,-2.861,1.325
2.586,-2.898,1.253
2.391,-2.989,1.493
2.288,-3.051,1.567
2.212,-3.041,1.586
2.231,-3.036,1.528
2.239,-3.077,1.470
2.172,-3.065,1.512
2.249,-3.031,1.573
2.326,-3.008,1.520
2.396,-3.033,1.405
2.399,-3.030,1.339
2.385,-3.009,1.451
2.305,-3.064,1.451
2.254,-3.063,1.363
2.211,-3.142,1.375
-,-,-
2.401,-2.979,1.454
2.296,-2.943,1.678
2.214,-3.021,1.841
2.256,-2.976,1.648
2.354,-2.990,1.416
2.338,-2.982,1.489
2.462,-2.935,1.606
2.374,-2.937,1.653
2.367,-2.992,1.498
2.416,-3.026,1.349
2.378,-3.014,1.337
2.399,-3.021,1.360
2.450,-2.973,1.293
2.391,-2.950,1.486
2.319,-2.978,1.692
2.365,-3.021,1.604
2.357,-2.934,1.436
2.370,-3.009,1.532
2.351,-2.955,1.434
2.395,-2.979,1.551
2.395,-2.972,1.547
2.332,-2.982,1.523
2.321,-3.044,1.407
2.370,-2.999,1.326
2.275,-3.026,1.628
2.306,-2.978,1.667
2.380,-2.979,1.590
2.377,-2.956,1.609
2.313,-2.993,1.731
2.264,-2.961,1.655
2.250,-3.014,1.757
2.343,-2.963,1.513
2.284,-3.027,1.535
2.306,-2.989,1.595
2.366,-3.010,1.456
2.318,-2.976,1.537
2.403,-2.976,1.334
2.371,-3.002,1.495
2.543,-2.955,1.303
2.419,-3.021,1.443
2.382,-2.978,1.472
2.478,-3.046,1.221
2.413,-2.988,1.232
2.551,-2.980,1.363
2.514,-2.990,1.438
2.413,-2.985,1.457
2.439,-3.043,1.248
2.489,-2.996,1.158
2.476,-3.023,1.359
2.487,-2.939,1.303
2.459,-2.967,1.355
2.579,-2.874,1.341
2.512,-2.920,1.465
2.508,-2.940,1.379
2.502,-2.929,1.319
2.451,-2.923,1.529
2.483,-2.873,1.561
2.691,-2.830,1.108
2.736,-2.831,1.120
2.738,-2.851,1.184
2.583,-2.886,1.320
2.661,-2.844,1.239
2.578,-2.883,1.400
2.540,-2.880,1.411
2.685,-2.855,1.155
2.610,-2.891,1.216
2.581,-2.920,1.188
2.651,-2.886,1.080
2.554,-2.908,1.362
2.540,-2.897,1.436
2.650,-2.903,1.209
2.569,-2.882,1.241
2.573,-2.870,1.304
2.660,-2.862,1.228
2.608,-2.884,1.271
2.563,-2.892,1.344
2.611,-2.845,1.308
2.671,-2.870,1.301
2.621,-2.856,1.354
2.564,-2.905,1.284
2.573,-2.877,1.316
2.578,-2.885,1.380
2.634,-2.864,1.308
2.633,-2.863,1.331
-,-,-
2.598,-2.918,1.301
2.604,-2.891,1.306
2.554,-2.904,1.451
2.563,-2.897,1.340
2.641,-2.859,1.173
2.548,-2.872,1.328
2.585,-2.849,1.436
2.575,-2.906,1.330
2.670,-2.854,1.157
2.633,-2.868,1.231
2.676,-2.861,1.217
2.523,-2.922,1.320
2.554,-2.929,1.175
2.635,-2.910,1.152
2.569,-2.941,1.249
2.518,-2.959,1.220
2.586,-2.930,1.145
2.496,-2.956,1.285
2.512,-2.920,1.290
2.621,-2.872,1.329
2.519,-2.921,1.454
2.583,-2.913,1.325
2.568,-2.943,1.267
2.538,-2.884,1.371
2.586,-2.923,1.278
2.513,-2.892,1.306
2.526,-2.936,1.384
2.543,-2.905,1.380
2.490,-2.936,1.402
2.586,-2.928,1.339
2.495,-2.945,1.336
2.455,-2.954,1.310
2.533,-2.918,1.361
2.414,-2.947,1.472
2.493,-2.935,1.323
2.526,-2.917,1.358
2.546,-2.906,1.328
2.609,-2.875,1.256
2.642,-2.867,1.373
2.555,-2.921,1.353
2.662,-2.903,1.220
2.551,-2.950,1.268
2.513,-2.928,1.248
2.576,-2.916,1.256
2.615,-2.921,1.161
2.519,-2.907,1.229
2.670,-2.959,1.091
2.539,-3.001,1.181
2.573,-2.982,1.112
2.486,-3.035,1.087
2.569,-2.954,1.096
2.604,-2.979,1.152
2.469,-2.960,1.217
2.453,-3.011,1.303
2.506,-2.958,1.264
2.554,-2.893,1.292
2.596,-2.875,1.271
2.670,-2.850,1.154
2.658,-2.896,1.094
2.655,-2.910,1.124
2.709,-2.904,1.127
2.637,-2.889,1.104
2.646,-2.885,1.174
2.690,-2.859,1.225
2.632,-2.901,1.144
2.606,-2.892,1.314
2.592,-2.925,1.232
2.675,-2.889,1.081
2.617,-2.906,1.129
2.644,-2.909,1.235
2.672,-2.881,1.234
2.606,-2.893,1.233
2.678,-2.860,1.256
2.695,-2.848,1.171
2.652,-2.879,1.229
2.617,-2.871,1.262
2.640,-2.859,1.237
-,-,-
2.489,-2.715,1.760
2.499,-2.757,1.771
2.519,-2.754,1.784
2.417,-2.782,1.808
2.278,-2.809,1.995
2.282,-2.826,1.986
2.358,-2.809,1.871
2.334,-2.879,1.804
2.468,-2.836,1.666
2.445,-2.827,1.728
2.363,-2.821,1.804
2.373,-2.770,1.753
2.372,-2.947,1.746
2.314,-2.911,1.634
2.319,-2.902,1.699
2.352,-2.993,1.631
2.365,-2.932,1.581
2.326,-2.951,1.499
2.345,-2.975,1.603
2.371,-2.902,1.443
2.242,-2.988,1.705
2.278,-2.967,1.687
2.304,-3.001,1.568
2.233,-3.033,1.527
2.323,-2.992,1.539
2.291,-3.021,1.445
2.190,-3.051,1.583
2.298,-2.969,1.446
2.316,-3.020,1.536
2.278,-3.008,1.680
2.242,-3.002,1.509
2.322,-2.962,1.531
2.335,-2.959,1.553
2.284,-2.982,1.568
2.365,-2.992,1.535
2.438,-2.947,1.440
2.512,-2.931,1.415
2.517,-2.967,1.329
2.500,-2.924,1.368
2.406,-2.951,1.456
2.429,-2.980,1.433
2.381,-3.000,1.421
2.433,-2.989,1.403
2.485,-3.031,1.262
2.512,-2.982,1.142
2.467,-2.951,1.178
2.498,-3.030,1.301
2.504,-3.028,1.133
2.513,-3.017,1.210
2.445,-2.999,1.375
2.544,-2.950,1.187
2.551,-2.976,1.281
2.426,-3.012,1.214
2.392,-3.033,1.352
2.421,-3.053,1.260
2.469,-2.990,1.255
2.479,-2.945,1.404
2.559,-2.850,1.346
2.621,-2.862,1.396
2.621,-2.874,1.365
2.600,-2.877,1.230
2.571,-2.908,1.230
2.592,-2.903,1.233
2.600,-2.888,1.270
2.635,-2.870,1.262
2.732,-2.838,1.026
2.663,-2.877,1.069
2.652,-2.912,1.194
2.628,-2.913,1.228
2.606,-2.951,1.028
2.563,-2.938,1.152
2.628,-2.900,1.206
2.593,-2.938,1.183
2.642,-2.915,1.208
2.609,-2.977,1.228
2.614,-2.913,1.202
2.697,-2.865,1.262
2.688,-2.864,1.183
2.644,-2.885,1.152
2.612,-2.865,1.189
2.616,-2.915,1.217
2.586,-2.877,1.350
-,-,-
2.621,-2.891,1.246
2.622,-2.883,1.278
2.584,-2.907,1.205
2.576,-2.938,1.214
2.537,-2.919,1.333
2.518,-2.926,1.353
2.526,-2.891,1.396
2.609,-2.896,1.177
2.515,-2.931,1.281
2.516,-2.908,1.368
2.443,-2.933,1.407
2.466,-2.985,1.334
2.480,-2.972,1.364
2.534,-2.945,1.275
2.546,-2.935,1.328
2.485,-2.908,1.383
2.505,-2.940,1.350
2.525,-2.952,1.222
2.499,-2.981,1.336
2.471,-2.946,1.306
2.545,-2.935,1.295
2.392,-2.978,1.488
2.448,-2.965,1.366
2.487,-2.935,1.291
2.449,-2.949,1.411
2.446,-2.950,1.374
2.480,-2.938,1.423
2.520,-2.937,1.421
2.480,-2.971,1.268
2.445,-2.961,1.269
2.478,-2.978,1.313
2.462,-2.966,1.349
2.408,-3.024,1.352
2.470,-2.989,1.318
2.540,-2.951,1.178
2.406,-2.978,1.402
2.444,-2.993,1.396
2.487,-2.978,1.250
2.456,-2.994,1.347
2.551,-2.982,1.179
2.515,-2.919,1.156
2.534,-2.944,1.281
2.516,-2.923,1.292
2.508,-2.968,1.416
2.585,-2.892,1.219
2.548,-2.922,1.271
2.549,-2.980,1.270
2.484,-2.985,1.117
2.552,-3.018,1.093
2.581,-3.016,1.157
2.578,-2.961,1.072
2.569,-3.000,1.118
2.548,-2.986,1.068
2.461,-3.031,1.057
2.546,-3.058,1.165
2.538,-3.039,1.046
2.466,-3.045,1.128
2.514,-3.043,1.097
2.570,-3.052,1.079
2.456,-3.049,1.216
2.480,-3.018,1.193
2.424,-3.005,1.305
2.468,-2.990,1.300
2.515,-2.959,1.193
2.639,-2.940,1.213
2.658,-2.911,1.077
2.705,-2.890,1.001
2.659,-2.890,1.063
2.652,-2.928,1.178
2.582,-2.937,1.260
2.578,-2.907,1.197
2.682,-2.889,1.079
2.659,-2.885,1.150
2.588,-2.896,1.202
2.563,-2.909,1.269
2.695,-2.939,1.086
2.673,-2.919,1.115
2.621,-2.913,1.145
2.616,-2.902,1.146
2.614,-2.895,1.221
2.610,-2.932,1.119
-,-,-
2.131,-2.911,1.942
2.082,-2.899,2.046
1.943,-2.913,2.131
1.994,-2.940,1.967
2.000,-2.954,1.989
1.894,-3.010,2.212
2.104,-2.896,1.949
2.231,-2.863,1.902
2.101,-2.894,2.076
2.062,-2.925,2.087
2.120,-2.910,1.948
2.180,-2.913,1.856
2.232,-2.915,1.813
2.265,-2.909,1.892
2.182,-2.886,1.953
1.984,-2.981,2.124
2.249,-3.053,1.896
2.445,-2.858,1.320
2.271,-2.812,1.881
2.379,-2.868,1.771
2.236,-2.997,1.632
2.219,-3.031,1.616
2.165,-3.125,1.594
2.238,-3.019,1.596
2.071,-3.106,1.791
2.055,-3.136,1.716
2.090,-3.140,1.383
2.141,-3.178,1.564
2.022,-3.104,1.649
2.105,-3.143,1.565
1.993,-3.167,1.741
2.071,-3.133,1.508
1.966,-3.190,1.627
1.935,-3.168,1.658
1.983,-3.225,1.731
1.881,-3.253,1.726
1.887,-3.236,1.593
1.949,-3.191,1.403
2.031,-3.213,1.465
1.926,-3.254,1.454
2.081,-3.217,1.339
1.915,-3.200,1.555
1.909,-3.267,1.566
2.147,-3.189,1.482
2.083,-3.219,1.396
2.025,-3.234,1.271
1.954,-3.330,1.526
2.164,-3.195,1.282
2.228,-3.191,1.135
2.124,-3.275,1.307
2.179,-3.233,1.082
2.114,-3.244,1.243
2.060,-3.293,1.346
2.081,-3.219,1.219
2.151,-3.262,1.340
2.061,-3.209,1.397
2.108,-3.253,1.252
2.150,-3.179,1.265
2.174,-3.220,1.383
2.071,-3.204,1.386
2.124,-3.199,1.297
2.062,-3.229,1.432
2.241,-3.176,1.227
2.197,-3.132,1.508
2.202,-3.144,1.429
2.297,-3.091,1.348
2.335,-3.047,1.268
2.328,-3.046,1.481
2.273,-3.008,1.908
2.293,-3.059,1.521
2.273,-3.046,1.437
2.309,-3.031,1.497
2.368,-3.013,1.470
2.282,-3.018,1.613
2.303,-3.011,1.518
2.284,-3.051,1.501
2.337,-3.019,1.527
2.398,-2.995,1.471
2.351,-3.019,1.471
2.303,-3.021,1.463
2.241,-3.043,1.574
2.250,-3.032,1.507
2.300,-3.035,1.485
2.268,-3.070,1.511
2.430,-3.007,1.424
2.463,-2.966,1.335
2.313,-3.022,1.535
2.287,-3.010,1.542
2.379,-2.971,1.407
2.346,-2.991,1.561
2.349,-3.009,1.491
2.357,-3.012,1.456
2.320,-2.984,1.493
2.342,-2.987,1.509
2.351,-2.981,1.478
2.357,-2.979,1.447
2.288,-3.025,1.551
2.367,-2.989,1.461
2.332,-3.024,1.443
2.295,-3.016,1.500
2.302,-3.006,1.541
2.358,-2.991,1.477
2.346,-2.984,1.443
2.295,-3.014,1.518
2.323,-3.032,1.545
2.373,-2.997,1.461
2.328,-3.028,1.517
2.315,-3.007,1.503
2.341,-3.007,1.488
2.329,-3.009,1.514
2.351,-2.974,1.517
-,-,-
2.227,-2.978,1.709
2.253,-2.974,1.652
2.290,-2.967,1.688
2.288,-2.979,1.691
2.299,-2.968,1.694
2.208,-3.039,1.664
2.280,-2.966,1.537
2.239,-2.958,1.854
2.271,-2.991,1.750
2.190,-3.044,1.537
2.143,-3.050,1.534
2.121,-3.027,1.879
2.104,-3.003,1.764
2.063,-3.115,1.740
2.085,-3.067,1.738
2.140,-3.117,1.449
2.091,-3.211,1.550
2.078,-3.132,1.419
2.110,-3.145,1.606
1.971,-3.188,1.648
1.991,-3.152,1.548
1.953,-3.163,1.502
1.897,-3.263,1.715
1.894,-3.219,1.564
1.891,-3.220,1.549
1.914,-3.239,1.679
1.916,-3.196,1.584
1.944,-3.172,1.625
1.933,-3.212,1.724
1.955,-3.211,1.588
1.944,-3.236,1.538
1.955,-3.195,1.667
1.962,-3.151,1.545
1.908,-3.191,1.715
2.023,-3.172,1.547
2.026,-3.168,1.648
2.062,-3.168,1.581
2.074,-3.148,1.494
2.107,-3.103,1.435
2.136,-3.138,1.484
2.294,-3.104,1.447
2.172,-3.125,1.635
2.269,-3.164,1.338
2.237,-3.169,1.147
2.329,-3.177,0.957
2.235,-3.183,1.088
2.283,-3.175,1.062
2.226,-3.181,1.228
2.229,-3.187,1.151
2.197,-3.237,1.186
2.182,-3.256,1.211
2.256,-3.189,1.030
2.132,-3.266,1.113
2.109,-3.281,1.054
2.074,-3.260,1.305
1.972,-3.252,1.450
2.002,-3.272,1.384
2.148,-3.217,1.269
2.293,-3.170,1.062
2.281,-3.174,1.180
2.278,-3.131,1.186
2.243,-3.172,1.305
2.217,-3.177,1.298
2.337,-3.164,1.135
2.316,-3.147,1.145
2.202,-3.187,1.294
2.042,-3.257,1.455
2.111,-3.214,1.165
2.211,-3.188,1.205
2.247,-3.175,1.251
2.291,-3.163,1.183
2.129,-3.217,1.229
2.118,-3.223,1.248
2.185,-3.157,1.251
2.229,-3.161,1.278
2.261,-3.182,1.280
2.244,-3.179,1.277
2.266,-3.174,1.213
2.194,-3.195,1.263
2.175,-3.192,1.175
2.235,-3.186,1.229
2.261,-3.144,1.284
-,-,-
2.267,-3.155,1.296
2.254,-3.161,1.240
2.198,-3.171,1.246
2.151,-3.184,1.299
1.952,-3.313,1.469
2.222,-3.156,1.279
2.254,-3.113,1.467
2.155,-3.112,1.655
2.147,-3.157,1.548
2.085,-3.174,1.407
2.160,-3.196,1.226
2.182,-3.222,1.243
2.208,-3.172,1.281
2.237,-3.141,1.265
2.237,-3.124,1.495
2.132,-3.160,1.437
2.020,-3.244,1.462
2.177,-3.208,1.353
2.089,-3.207,1.415
2.096,-3.203,1.409
2.188,-3.139,1.358
2.116,-3.216,1.481
2.005,-3.230,1.409
2.078,-3.278,1.249
2.045,-3.271,1.323
2.144,-3.243,1.315
2.074,-3.223,1.509
2.077,-3.255,1.404
2.030,-3.215,1.421
2.065,-3.191,1.449
2.052,-3.237,1.434
2.014,-3.253,1.347
2.046,-3.235,1.291
2.091,-3.229,1.362
2.186,-3.191,1.087
2.104,-3.237,1.184
2.173,-3.238,1.290
2.194,-3.226,1.209
2.323,-3.152,1.109
2.315,-3.141,1.178
2.378,-3.128,1.187
2.163,-3.181,1.259
2.264,-3.178,1.205
2.229,-3.221,1.128
2.248,-3.220,1.095
2.355,-3.189,0.973
2.286,-3.185,1.127
2.246,-3.157,1.193
2.178,-3.243,1.170
2.242,-3.235,1.141
2.214,-3.214,1.105
2.201,-3.190,1.094
2.274,-3.206,1.124
2.208,-3.203,1.167
2.230,-3.207,1.091
2.197,-3.233,1.127
2.171,-3.276,1.165
2.052,-3.264,1.240
2.186,-3.203,1.229
2.242,-3.175,1.047
2.293,-3.160,1.199
2.430,-3.086,1.099
2.292,-3.146,1.236
2.321,-3.159,1.132
2.378,-3.132,1.197
2.284,-3.146,1.157
2.276,-3.178,1.121
2.318,-3.151,1.168
2.238,-3.144,1.352
2.283,-3.153,1.101
2.157,-3.218,1.138
2.210,-3.217,1.244
2.292,-3.174,1.083
2.176,-3.221,1.221
2.206,-3.216,1.228
2.202,-3.176,1.240
2.278,-3.160,1.166
-,-,-
2.146,-3.204,1.408
2.255,-3.164,1.286
2.194,-3.176,1.273
2.330,-3.134,1.212
2.250,-3.158,1.192
2.216,-3.195,1.192
2.192,-3.221,1.437
2.159,-3.178,1.268
2.212,-3.151,1.327
2.264,-3.133,1.311
2.264,-3.139,1.200
2.233,-3.158,1.195
2.223,-3.151,1.223
2.229,-3.129,1.381
2.289,-3.164,1.331
2.182,-3.188,1.178
2.248,-3.120,1.229
2.186,-3.220,1.291
2.151,-3.217,1.221
2.230,-3.171,1.225
2.268,-3.227,1.308
2.099,-3.225,1.222
2.146,-3.220,1.351
2.239,-3.156,1.307
2.184,-3.203,1.249
2.142,-3.237,1.196
2.260,-3.198,1.070
2.254,-3.201,1.170
2.190,-3.196,1.191
2.285,-3.192,0.917
2.122,-3.256,1.182
2.173,-3.229,1.193
2.260,-3.193,1.038
2.299,-3.177,1.074
2.280,-3.177,1.141
2.396,-3.142,1.087
2.329,-3.161,1.070
2.315,-3.180,1.135
2.283,-3.191,1.005
2.373,-3.159,0.954
2.358,-3.155,1.046
2.332,-3.195,0.931
2.304,-3.191,1.068
2.314,-3.132,0.992
2.288,-3.153,1.142
2.329,-3.166,0.962
2.368,-3.139,1.052
2.385,-3.192,0.981
2.288,-3.250,0.927
2.368,-3.208,0.885
2.366,-3.210,0.889
2.329,-3.229,0.920
2.360,-3.220,0.904
2.270,-3.181,1.114
2.335,-3.170,1.035
2.306,-3.205,1.104
2.345,-3.175,1.092
2.302,-3.146,1.073
2.309,-3.158,1.113
2.356,-3.101,1.104
2.419,-3.107,1.006
2.365,-3.141,1.044
2.344,-3.144,1.146
2.433,-3.102,1.084
2.373,-3.110,1.109
2.422,-3.092,1.169
2.379,-3.103,1.137
2.385,-3.086,1.148
2.412,-3.084,0.927
2.407,-3.100,1.078
2.402,-3.117,1.157
2.364,-3.112,1.081
2.409,-3.094,1.104
2.417,-3.095,1.107
2.408,-3.087,1.190
2.391,-3.093,1.121
-,-,-
2.401,-3.108,1.162
2.375,-3.100,1.225
2.372,-3.085,1.161
2.404,-3.104,1.051
2.328,-3.126,1.113
2.283,-3.116,1.258
2.356,-3.124,1.119
2.502,-3.053,1.065
2.478,-3.071,1.071
2.527,-3.053,0.928
2.479,-3.080,1.023
2.347,-3.119,1.261
2.376,-3.101,1.167
2.334,-3.102,1.155
2.390,-3.174,1.147
2.285,-3.182,0.973
2.259,-3.158,1.225
2.366,-3.120,1.057
2.315,-3.114,1.188
2.303,-3.130,1.224
2.386,-3.138,1.150
2.343,-3.154,1.003
2.271,-3.187,1.127
2.299,-3.206,1.141
2.263,-3.176,1.162
2.331,-3.152,1.169
2.310,-3.147,1.155
2.297,-3.186,1.015
2.259,-3.146,1.177
2.297,-3.134,1.275
2.240,-3.159,1.161
2.193,-3.191,1.200
2.328,-3.107,1.140
2.252,-3.183,1.157
2.283,-3.198,1.170
2.260,-3.151,1.124
2.312,-3.162,1.177
2.245,-3.194,1.295
2.212,-3.189,1.209
2.307,-3.164,1.028
2.350,-3.174,1.023
2.330,-3.124,1.063
2.355,-3.120,1.095
2.348,-3.150,1.203
2.399,-3.125,1.018
2.464,-3.101,1.139
2.431,-3.128,0.921
2.433,-3.162,0.751
2.411,-3.161,0.954
2.462,-3.138,0.852
2.448,-3.113,0.878
2.472,-3.105,0.807
2.572,-3.058,0.705
2.547,-3.104,0.909
2.348,-3.197,0.863
2.326,-3.177,1.126
2.273,-3.197,0.974
2.372,-3.170,0.945
2.309,-3.180,1.045
2.486,-3.091,0.931
2.435,-3.129,0.927
2.456,-3.104,0.953
2.497,-3.101,0.858
2.563,-3.080,0.711
2.457,-3.110,0.886
2.445,-3.099,0.949
2.462,-3.085,0.976
2.472,-3.082,0.846
2.439,-3.118,0.850
2.531,-3.095,0.888
2.488,-3.096,0.863
2.474,-3.104,0.973
2.474,-3.102,0.876
2.475,-3.091,0.825
2.464,-3.146,0.884
2.466,-3.131,0.894
2.355,-3.146,0.936
2.416,-3.113,1.036
2.429,-3.123,0.985
2.536,-3.068,0.814
2.525,-3.071,0.893
2.448,-3.093,1.120
2.439,-3.127,0.928
2.432,-3.124,0.907
2.457,-3.071,0.942
2.434,-3.095,1.013
2.492,-3.085,0.933
2.444,-3.082,1.079
2.484,-3.081,0.888
2.466,-3.115,0.889
2.440,-3.100,1.017
2.553,-3.067,0.880
2.446,-3.071,0.918
-,-,-
2.587,-2.434,2.104
2.673,-2.404,2.061
2.603,-2.402,2.089
2.605,-2.456,2.108
2.599,-2.443,2.105
2.622,-2.422,2.039
2.649,-2.384,2.076
2.680,-2.409,2.008
2.641,-2.377,2.148
2.570,-2.434,2.117
2.511,-2.461,2.068
2.510,-2.442,2.203
2.508,-2.491,2.131
2.579,-2.447,2.139
2.609,-2.416,2.111
2.611,-2.437,2.107
2.509,-2.494,2.088
2.516,-2.480,2.075
2.555,-2.539,2.115
2.559,-2.507,2.033
2.454,-2.507,2.135
2.426,-2.530,2.156
2.437,-2.559,2.194
2.427,-2.537,2.123
2.573,-2.523,1.959
2.455,-2.510,2.116
2.478,-2.567,2.223
2.485,-2.601,2.135
2.396,-2.564,2.068
2.433,-2.630,2.073
2.392,-2.610,2.063
2.374,-2.617,2.070
2.474,-2.638,1.933
2.395,-2.648,2.040
2.407,-2.698,2.012
2.426,-2.712,1.972
2.419,-2.680,1.925
2.428,-2.692,1.907
2.412,-2.762,2.022
2.311,-2.708,2.066
2.270,-2.789,2.153
2.404,-2.738,1.874
2.455,-2.736,1.771
2.467,-2.756,1.818
2.451,-2.771,1.761
2.350,-2.727,1.937
2.524,-2.745,1.729
2.406,-2.788,1.735
2.420,-2.813,1.674
2.368,-2.805,1.818
2.321,-2.889,1.753
2.357,-2.846,1.756
2.344,-2.886,1.745
2.320,-2.850,1.805
2.328,-2.828,1.721
2.261,-2.896,1.783
2.429,-2.895,1.749
2.351,-2.865,1.819
2.409,-2.848,1.750
2.371,-2.848,1.782
2.417,-2.745,1.687
2.337,-2.875,1.859
2.381,-2.819,1.835
2.435,-2.845,1.622
2.485,-2.789,1.660
2.385,-2.798,1.924
2.343,-2.835,1.887
2.382,-2.807,1.810
2.353,-2.819,1.834
2.484,-2.729,1.736
2.524,-2.742,1.728
2.544,-2.697,1.676
2.697,-2.626,1.598
2.615,-2.597,2.003
2.688,-2.553,1.891
2.618,-2.587,1.858
2.604,-2.619,1.841
2.552,-2.623,1.851
2.672,-2.553,1.760
2.649,-2.548,1.929
2.592,-2.585,1.947
2.626,-2.555,1.907
2.653,-2.558,1.827
2.667,-2.602,1.822
2.567,-2.585,1.868
2.611,-2.584,1.854
2.611,-2.544,1.907
2.712,-2.550,1.817
2.675,-2.547,1.741
2.662,-2.555,1.846
2.648,-2.565,1.885
2.635,-2.563,1.866
2.653,-2.548,1.833
2.606,-2.545,1.887
2.597,-2.558,1.854
2.631,-2.563,1.856
2.712,-2.528,1.764
-,-,-
2.817,-2.478,1.838
2.909,-2.417,1.680
2.865,-2.417,1.690
2.854,-2.466,1.626
2.815,-2.447,1.767
2.603,-2.514,1.903
2.468,-2.628,2.119
2.458,-2.580,2.061
2.545,-2.547,2.087
2.449,-2.642,1.989
2.635,-2.618,1.836
2.539,-2.597,1.864
2.616,-2.699,1.755
2.604,-2.616,1.767
2.618,-2.594,1.912
2.574,-2.616,1.838
2.525,-2.681,1.911
2.537,-2.736,1.728
2.567,-2.730,1.728
2.510,-2.718,1.788
2.559,-2.742,1.715
2.612,-2.710,1.813
2.522,-2.741,1.844
2.459,-2.776,1.768
2.491,-2.732,1.691
2.501,-2.718,1.732
2.570,-2.740,1.718
2.559,-2.715,1.740
2.598,-2.687,1.702
2.506,-2.726,1.758
2.496,-2.754,1.752
2.506,-2.728,1.711
2.578,-2.724,1.739
2.520,-2.751,1.658
2.568,-2.749,1.668
2.601,-2.723,1.638
2.580,-2.735,1.555
2.573,-2.701,1.609
2.600,-2.675,1.686
2.579,-2.707,1.755
2.738,-2.655,1.613
2.644,-2.688,1.747
2.482,-2.734,1.745
2.552,-2.795,1.500
2.579,-2.813,1.558
2.608,-2.793,1.501
2.572,-2.754,1.624
2.587,-2.801,1.549
2.614,-2.801,1.625
2.634,-2.761,1.540
2.531,-2.825,1.477
2.593,-2.791,1.552
2.638,-2.810,1.396
2.571,-2.783,1.477
2.577,-2.789,1.730
2.487,-2.765,1.687
2.452,-2.785,1.743
2.532,-2.753,1.676
2.497,-2.733,1.729
2.593,-2.694,1.744
2.607,-2.651,1.754
2.741,-2.611,1.577
2.810,-2.540,1.522
2.677,-2.620,1.771
2.640,-2.619,1.772
2.675,-2.599,1.708
2.660,-2.602,1.775
2.739,-2.588,1.644
2.644,-2.575,1.832
2.605,-2.592,1.830
2.740,-2.556,1.719
2.712,-2.595,1.776
2.693,-2.591,1.616
2.700,-2.573,1.705
2.697,-2.562,1.824
2.765,-2.531,1.707
2.655,-2.534,1.843
2.686,-2.563,1.800
2.676,-2.587,1.797
-,-,-
2.669,-2.535,1.844
2.703,-2.579,1.779
2.689,-2.570,1.750
2.700,-2.598,1.841
2.706,-2.543,1.749
2.546,-2.625,1.800
2.729,-2.590,1.687
2.707,-2.565,1.655
2.689,-2.577,1.816
2.604,-2.617,1.800
2.623,-2.678,1.716
2.764,-2.655,1.474
2.687,-2.628,1.669
2.784,-2.661,1.575
2.725,-2.613,1.614
2.825,-2.648,1.478
2.736,-2.656,1.504
2.674,-2.688,1.535
2.588,-2.684,1.688
2.577,-2.738,1.728
2.601,-2.721,1.713
2.603,-2.704,1.662
2.598,-2.725,1.692
2.627,-2.697,1.604
2.621,-2.724,1.565
2.609,-2.755,1.592
2.613,-2.755,1.552
2.584,-2.797,1.516
2.597,-2.726,1.554
2.711,-2.692,1.658
2.666,-2.674,1.757
2.678,-2.711,1.575
2.667,-2.688,1.543
2.577,-2.723,1.581
2.665,-2.746,1.434
2.683,-2.703,1.382
2.647,-2.753,1.423
2.581,-2.746,1.555
2.604,-2.820,1.501
2.716,-2.728,1.347
2.762,-2.745,1.283
2.692,-2.803,1.376
2.692,-2.795,1.466
2.771,-2.726,1.320
2.721,-2.760,1.229
2.649,-2.792,1.339
2.686,-2.808,1.291
2.634,-2.822,1.280
2.704,-2.854,1.322
2.759,-2.812,1.314
2.588,-2.833,1.383
2.641,-2.840,1.290
2.538,-2.812,1.543
2.609,-2.794,1.441
2.647,-2.759,1.555
2.696,-2.717,1.456
2.631,-2.743,1.456
2.713,-2.693,1.463
2.813,-2.661,1.405
2.813,-2.673,1.278
2.772,-2.716,1.354
2.772,-2.693,1.430
2.708,-2.707,1.426
2.690,-2.725,1.497
2.706,-2.736,1.403
2.778,-2.693,1.279
2.715,-2.721,1.437
2.659,-2.758,1.469
2.721,-2.697,1.472
2.818,-2.686,1.302
2.775,-2.672,1.369
2.792,-2.668,1.490
2.696,-2.664,1.536
2.701,-2.723,1.507
2.723,-2.725,1.340
-,-,-
2.687,-2.664,1.579
2.750,-2.665,1.526
2.722,-2.704,1.439
2.553,-2.775,1.642
2.736,-2.711,1.554
2.803,-2.647,1.465
2.683,-2.708,1.584
2.743,-2.713,1.516
2.705,-2.719,1.480
2.742,-2.750,1.422
2.608,-2.718,1.520
2.727,-2.682,1.475
2.784,-2.694,1.585
2.658,-2.710,1.492
2.676,-2.708,1.487
2.635,-2.782,1.745
2.604,-2.784,1.486
2.696,-2.743,1.227
2.732,-2.744,1.350
2.737,-2.776,1.305
2.640,-2.822,1.288
2.684,-2.802,1.254
2.707,-2.853,1.221
2.759,-2.828,1.163
2.685,-2.737,1.341
2.637,-2.827,1.445
2.628,-2.787,1.445
2.767,-2.766,1.229
2.721,-2.770,1.200
2.741,-2.781,1.180
2.699,-2.781,1.268
2.721,-2.797,1.079
2.562,-2.850,1.280
2.663,-2.863,1.100
2.734,-2.851,1.155
2.582,-2.884,1.295
2.764,-2.844,1.049
2.738,-2.844,1.085
2.690,-2.843,1.127
2.675,-2.840,1.200
2.708,-2.852,1.166
2.707,-2.893,1.124
2.751,-2.902,1.126
2.685,-2.875,1.237
2.721,-2.878,1.149
2.686,-2.883,1.077
2.719,-2.878,1.213
2.686,-2.822,1.250
2.659,-2.857,1.296
2.648,-2.877,1.242
2.641,-2.788,1.261
2.680,-2.760,1.472
2.817,-2.720,1.363
2.768,-2.730,1.211
2.773,-2.740,1.214
2.781,-2.732,1.222
2.783,-2.776,1.199
2.768,-2.759,1.265
2.724,-2.754,1.279
2.778,-2.749,1.187
2.734,-2.724,1.255
2.713,-2.766,1.349
2.766,-2.766,1.183
2.783,-2.766,1.219
2.847,-2.716,1.215
2.796,-2.718,1.197
2.789,-2.698,1.331
2.813,-2.726,1.310
2.735,-2.743,1.324
2.757,-2.741,1.222
2.776,-2.709,1.255
2.785,-2.725,1.295
-,-,-
2.765,-2.695,1.361
2.780,-2.716,1.390
2.728,-2.719,1.361
2.704,-2.719,1.352
2.683,-2.720,1.257
2.778,-2.729,1.477
2.700,-2.725,1.530
2.717,-2.697,1.480
2.699,-2.732,1.479
2.639,-2.762,1.371
2.800,-2.707,1.293
2.713,-2.718,1.305
2.717,-2.758,1.439
2.818,-2.692,1.358
2.751,-2.703,1.386
2.710,-2.724,1.479
2.685,-2.717,1.333
2.723,-2.745,1.417
2.683,-2.743,1.326
2.721,-2.774,1.205
2.696,-2.789,1.336
2.712,-2.747,1.289
2.737,-2.756,1.267
2.688,-2.750,1.493
2.770,-2.754,1.251
2.782,-2.732,1.187
2.803,-2.693,1.370
2.833,-2.731,1.313
2.723,-2.733,1.282
2.720,-2.722,1.390
2.802,-2.732,1.304
2.711,-2.751,1.333
2.656,-2.802,1.269
2.724,-2.781,1.248
2.762,-2.787,1.188
2.726,-2.774,1.319
2.750,-2.752,1.194
2.677,-2.773,1.272
2.758,-2.789,1.199
2.703,-2.736,1.272
2.778,-2.789,1.322
2.709,-2.820,1.226
2.637,-2.800,1.209
2.759,-2.797,1.166
2.747,-2.729,1.170
2.688,-2.724,1.189
2.699,-2.830,1.211
2.829,-2.782,1.176
2.616,-2.815,1.178
2.717,-2.813,1.238
2.743,-2.823,1.152
2.658,-2.790,1.279
2.725,-2.792,1.324
2.771,-2.776,1.225
2.714,-2.774,1.263
2.774,-2.799,1.162
2.754,-2.753,1.204
2.754,-2.754,1.229
2.767,-2.745,1.216
2.852,-2.711,1.165
2.827,-2.711,1.181
2.764,-2.731,1.238
2.802,-2.734,1.150
2.812,-2.707,1.163
2.827,-2.688,1.262
2.873,-2.695,1.120
2.801,-2.662,1.302
2.812,-2.689,1.314
2.810,-2.690,1.220
2.784,-2.716,1.282
2.855,-2.661,1.195
2.896,-2.649,1.248
2.847,-2.690,1.260
2.811,-2.667,1.343
2.803,-2.684,1.251
-,-,-
2.429,-2.790,1.793
2.531,-2.799,1.643
2.438,-2.816,1.722
2.521,-2.778,1.646
2.550,-2.776,1.692
2.589,-2.752,1.700
2.554,-2.794,1.592
2.539,-2.774,1.620
2.520,-2.810,1.645
2.524,-2.734,1.627
2.685,-2.648,1.644
2.613,-2.704,1.646
2.588,-2.750,1.585
2.653,-2.755,1.523
2.719,-2.740,1.461
2.668,-2.704,1.479
2.656,-2.728,1.651
2.797,-2.699,1.412
2.697,-2.741,1.496
2.483,-2.845,1.604
2.601,-2.778,1.414
2.560,-2.831,1.423
2.574,-2.905,1.368
2.581,-2.829,1.244
2.631,-2.887,1.209
2.590,-2.872,1.297
2.524,-2.872,1.318
2.625,-2.906,1.391
2.580,-2.847,1.265
2.566,-2.883,1.334
2.611,-2.844,1.325
2.618,-2.837,1.286
2.587,-2.872,1.390
2.518,-2.889,1.347
2.672,-2.912,1.257
2.669,-2.872,1.156
2.695,-2.849,1.164
2.646,-2.862,1.259
2.596,-2.880,1.354
2.646,-2.891,1.142
2.542,-2.932,1.196
2.542,-2.909,1.291
2.517,-2.936,1.312
2.546,-2.914,1.306
2.479,-2.940,1.321
2.517,-2.907,1.320
2.573,-2.939,1.166
2.589,-2.908,1.295
2.650,-2.903,1.190
2.547,-2.891,1.330
2.561,-2.939,1.321
2.579,-2.950,1.165
2.585,-2.979,1.040
2.555,-2.979,1.097
2.565,-2.973,1.138
2.572,-2.981,0.992
2.583,-2.948,1.137
2.628,-2.909,1.145
2.549,-2.952,1.111
2.639,-2.978,1.058
2.546,-3.007,1.002
2.622,-2.959,0.994
2.573,-3.027,0.966
2.477,-3.070,1.110
2.454,-3.008,1.133
2.555,-2.950,1.159
2.594,-2.941,1.235
2.702,-2.890,0.979
2.764,-2.873,0.856
2.654,-2.948,0.982
2.690,-2.917,1.016
2.601,-2.913,1.193
2.703,-2.909,1.106
2.658,-2.938,1.058
2.539,-2.976,1.058
2.596,-2.996,0.977
2.568,-2.983,0.941
2.567,-2.987,1.078
2.604,-2.969,0.960
2.609,-2.965,0.974
2.606,-2.967,0.972
2.568,-2.984,1.127
2.612,-2.969,1.063
2.635,-2.940,0.999
2.612,-2.973,1.010
2.612,-2.958,1.086
2.657,-2.918,0.999
2.625,-2.936,1.123
2.668,-2.948,1.031
-,-,-
2.724,-2.877,0.927
2.688,-2.900,0.984
2.717,-2.872,0.995
2.646,-2.911,1.059
2.639,-2.934,1.075
2.740,-2.859,1.030
2.777,-2.827,1.078
2.710,-2.837,1.034
2.724,-2.855,1.027
2.734,-2.897,1.016
2.684,-2.886,0.939
2.716,-2.852,1.082
2.686,-2.839,1.092
2.701,-2.813,1.027
2.752,-2.822,1.108
2.641,-2.872,1.007
2.796,-2.845,1.033
2.733,-2.848,1.033
2.785,-2.839,1.018
2.697,-2.861,1.114
2.703,-2.848,1.074
2.730,-2.869,1.047
2.746,-2.858,1.099
2.763,-2.839,1.093
2.811,-2.858,1.011
2.691,-2.826,1.080
2.715,-2.871,1.014
2.736,-2.849,0.960
2.781,-2.844,1.034
2.800,-2.837,1.040
2.823,-2.785,1.056
2.762,-2.871,1.035
2.679,-2.858,1.092
2.734,-2.860,1.102
2.746,-2.846,1.162
2.775,-2.817,1.036
2.801,-2.783,0.939
2.728,-2.834,1.029
2.773,-2.846,0.995
2.686,-2.890,1.046
2.738,-2.868,1.013
2.774,-2.814,1.041
2.737,-2.879,0.934
2.674,-2.905,0.958
2.724,-2.901,0.958
2.719,-2.895,0.978
2.704,-2.889,1.032
2.678,-2.912,1.012
2.674,-2.875,1.021
2.789,-2.860,0.866
2.838,-2.885,0.928
2.657,-2.940,0.883
2.598,-2.906,1.008
2.662,-2.977,0.861
2.676,-2.944,1.003
2.692,-2.920,0.852
2.601,-2.951,0.826
2.721,-2.968,0.803
2.742,-2.952,0.802
2.624,-3.031,0.939
2.616,-2.981,0.878
2.676,-2.919,0.891
2.672,-2.949,0.878
2.646,-2.925,1.063
2.766,-2.877,0.884
2.664,-2.881,1.038
2.667,-2.887,1.054
2.690,-2.888,1.089
2.722,-2.922,0.958
2.679,-2.892,0.982
2.681,-2.906,0.973
2.778,-2.873,0.895
2.750,-2.854,0.900
2.751,-2.899,0.934
2.669,-2.869,0.973
2.729,-2.884,1.003
2.754,-2.873,0.945
2.713,-2.887,0.937
-,-,-
2.772,-2.861,0.967
2.740,-2.857,1.057
2.746,-2.830,0.997
2.709,-2.906,0.898
2.663,-2.896,0.913
2.735,-2.861,0.771
2.865,-2.818,0.978
2.758,-2.771,1.329
2.816,-2.774,1.106
2.776,-2.802,1.053
2.799,-2.826,0.906
2.787,-2.850,0.814
2.777,-2.847,0.827
2.798,-2.855,0.831
2.815,-2.841,1.020
2.735,-2.873,1.008
2.707,-2.876,1.021
2.691,-2.887,0.975
2.731,-2.891,1.043
2.757,-2.852,1.008
2.740,-2.866,1.017
2.671,-2.854,0.884
2.745,-2.834,1.100
2.734,-2.828,1.074
2.760,-2.824,1.105
2.729,-2.841,1.066
2.731,-2.876,1.018
2.731,-2.898,0.942
2.679,-2.927,0.921
2.610,-2.959,0.981
2.739,-2.915,0.940
2.699,-2.906,1.059
2.646,-2.849,1.043
2.532,-2.863,1.025
2.844,-2.805,0.855
2.739,-2.853,0.940
2.755,-2.862,0.984
2.730,-2.875,1.033
2.758,-2.889,0.913
2.743,-2.877,0.901
2.739,-2.906,0.915
2.817,-2.863,0.771
2.790,-2.904,0.850
2.794,-2.879,0.825
2.746,-2.879,0.828
2.791,-2.914,0.785
2.739,-2.939,0.770
2.723,-2.925,0.738
2.741,-2.940,0.667
2.753,-2.933,0.687
2.773,-2.940,0.717
2.636,-2.978,0.769
2.652,-2.998,0.797
2.682,-2.943,0.815
2.729,-2.923,0.817
2.741,-2.885,0.810
2.783,-2.819,0.814
2.794,-2.873,0.877
2.801,-2.846,0.810
2.878,-2.838,0.696
2.888,-2.827,0.687
2.790,-2.853,0.799
2.716,-2.881,0.906
2.727,-2.889,0.800
2.741,-2.909,0.809
2.825,-2.854,0.770
2.855,-2.831,0.640
2.883,-2.804,0.678
2.918,-2.814,0.568
2.828,-2.866,0.722
2.759,-2.844,0.860
2.855,-2.869,0.625
-,-,-
2.814,-2.914,0.718
2.783,-2.875,0.721
2.789,-2.866,0.809
2.797,-2.848,0.826
2.746,-2.895,0.841
2.810,-2.899,0.805
2.612,-2.964,0.702
2.670,-2.945,0.851
2.767,-2.880,0.672
2.841,-2.841,0.831
2.907,-2.789,0.847
2.789,-2.827,0.819
2.844,-2.861,0.807
2.728,-2.891,0.875
2.835,-2.831,0.793
2.754,-2.849,0.859
2.787,-2.870,0.917
2.761,-2.917,0.831
2.676,-2.920,0.887
2.765,-2.927,0.768
2.766,-2.928,0.792
2.686,-2.950,0.888
2.726,-2.957,0.813
2.723,-2.920,0.772
2.747,-2.887,0.801
2.685,-2.931,0.928
2.743,-2.890,0.819
2.651,-2.925,0.941
2.715,-2.927,0.882
2.686,-2.903,0.937
2.712,-2.899,0.918
2.653,-2.896,0.940
2.680,-2.898,0.816
2.668,-2.959,0.916
2.607,-3.039,0.840
2.591,-2.975,1.003
2.659,-2.956,0.937
2.658,-2.941,0.962
2.653,-2.897,1.140
2.625,-2.912,1.088
2.757,-2.834,0.988
2.752,-2.858,0.927
2.880,-2.803,0.769
2.885,-2.789,0.830
2.691,-2.838,0.946
2.762,-2.830,0.859
2.823,-2.853,0.753
2.792,-2.849,0.937
2.845,-2.861,0.800
2.750,-2.858,0.855
2.796,-2.835,0.746
2.762,-2.901,0.780
2.711,-2.909,0.758
2.744,-2.893,0.674
2.701,-2.915,0.633
2.769,-2.926,0.598
2.700,-2.946,0.743
2.760,-2.932,0.657
2.690,-2.907,0.722
2.807,-2.983,0.720
2.733,-2.931,0.770
2.698,-2.961,0.794
2.739,-2.974,0.685
2.680,-2.946,0.841
2.767,-2.874,0.778
2.744,-2.885,0.831
2.801,-2.871,0.811
2.814,-2.851,0.804
2.855,-2.870,0.704
2.822,-2.854,0.754
2.783,-2.871,0.761
2.742,-2.910,0.843
2.689,-2.918,0.766
2.665,-2.917,0.811
2.715,-2.916,0.810
2.789,-2.901,0.735
2.793,-2.867,0.781
2.784,-2.896,0.689
2.715,-2.910,0.778
2.708,-2.898,0.889
2.783,-2.925,0.706
-,-,-
2.719,-2.896,0.800
2.708,-2.907,0.864
2.746,-2.919,0.750
2.658,-2.896,0.818
2.629,-2.944,0.916
2.772,-2.907,0.907
2.729,-2.894,0.825
2.791,-2.900,0.709
2.715,-2.884,0.808
2.746,-2.920,0.768
2.732,-2.896,0.839
2.749,-2.926,0.739
2.776,-2.858,0.807
2.829,-2.854,0.937
2.815,-2.870,0.746
2.768,-2.842,0.913
2.755,-2.905,0.948
2.665,-2.927,0.887
2.744,-2.915,0.809
2.724,-2.909,0.719
2.656,-2.915,0.844
2.725,-2.909,0.908
2.741,-2.896,0.863
2.613,-2.972,0.928
2.662,-2.917,0.868
2.737,-2.847,0.912
2.726,-2.840,1.020
2.688,-2.879,0.987
2.690,-2.881,0.888
2.686,-2.904,0.912
2.728,-2.877,0.840
2.709,-2.898,0.853
2.773,-2.934,0.883
2.712,-2.896,0.918
2.766,-2.882,0.924
2.711,-2.884,0.933
2.673,-2.853,0.948
2.682,-2.937,0.954
2.684,-2.898,1.021
2.741,-2.894,0.853
2.722,-2.857,0.916
2.673,-2.902,0.879
2.727,-2.898,0.884
2.760,-2.883,0.785
2.773,-2.874,0.857
2.788,-2.865,0.806
2.776,-2.898,0.874
2.723,-2.901,0.891
2.711,-2.956,0.766
2.720,-2.956,0.791
2.753,-2.976,0.612
2.669,-2.968,0.771
2.676,-2.986,0.650
2.724,-2.913,0.724
2.695,-2.979,0.692
2.764,-2.959,0.718
2.706,-2.976,0.809
2.699,-2.975,0.790
2.686,-2.939,0.736
2.746,-2.949,0.722
2.702,-2.952,0.732
2.618,-3.021,0.781
2.621,-3.000,0.837
2.603,-3.001,0.924
2.695,-2.908,0.833
2.785,-2.894,0.735
2.672,-2.926,0.927
2.700,-2.922,0.867
2.708,-2.908,0.819
2.760,-2.883,0.812
2.772,-2.895,0.812
2.651,-2.955,0.877
2.591,-3.019,0.841
2.664,-2.954,0.756
2.714,-2.951,0.807
2.745,-2.899,0.839
2.807,-2.867,0.760
2.793,-2.882,0.710
2.699,-2.927,0.894
2.704,-2.924,0.820
-,-,-
2.511,-2.540,2.057
2.584,-2.557,1.952
2.622,-2.533,1.955
2.635,-2.544,1.859
2.518,-2.588,2.022
2.637,-2.520,1.922
2.632,-2.545,1.970
2.523,-2.589,1.998
2.553,-2.608,1.907
2.628,-2.558,1.927
2.614,-2.573,1.847
2.544,-2.536,1.956
2.577,-2.570,1.969
2.529,-2.560,1.919
2.616,-2.612,1.844
2.578,-2.588,1.814
2.562,-2.595,1.855
2.534,-2.648,1.841
2.504,-2.717,1.938
2.490,-2.684,1.878
2.514,-2.731,1.710
2.505,-2.703,1.717
2.562,-2.667,1.741
2.510,-2.707,1.915
2.487,-2.687,1.809
2.451,-2.770,1.772
2.524,-2.757,1.672
2.494,-2.808,1.630
2.447,-2.778,1.745
2.473,-2.733,1.847
2.529,-2.717,1.829
2.498,-2.731,1.691
2.499,-2.748,1.813
2.484,-2.769,1.666
2.492,-2.810,1.708
2.487,-2.727,1.712
2.408,-2.772,1.842
2.466,-2.780,1.836
2.369,-2.808,1.776
2.372,-2.814,1.868
2.341,-2.776,1.874
2.308,-2.758,1.935
2.389,-2.789,1.937
2.438,-2.712,1.804
2.333,-2.816,1.936
2.550,-2.786,1.661
2.492,-2.792,1.651
2.444,-2.817,1.713
2.551,-2.810,1.627
2.590,-2.850,1.479
2.553,-2.834,1.550
2.502,-2.859,1.599
2.444,-2.870,1.672
2.489,-2.839,1.714
2.406,-2.874,1.683
2.504,-2.879,1.545
2.497,-2.841,1.479
2.518,-2.824,1.620
2.460,-2.863,1.602
2.558,-2.837,1.448
2.493,-2.874,1.590
2.580,-2.875,1.460
2.444,-2.859,1.590
2.505,-2.856,1.548
2.451,-2.866,1.545
2.464,-2.817,1.619
2.486,-2.773,1.617
2.601,-2.769,1.657
2.600,-2.769,1.614
2.667,-2.732,1.606
2.689,-2.715,1.604
2.629,-2.723,1.597
2.545,-2.774,1.615
2.521,-2.744,1.654
2.604,-2.739,1.708
2.729,-2.710,1.539
2.610,-2.707,1.485
2.526,-2.784,1.458
2.641,-2.835,1.506
2.600,-2.823,1.441
2.558,-2.792,1.552
2.469,-2.789,1.633











































