-,-,-
1.996,-3.051,1.817
2.025,-3.077,1.808
2.004,-3.069,1.796
2.033,-3.099,1.771
1.973,-3.083,1.894
1.979,-3.073,1.858
2.033,-3.087,1.788
2.054,-3.063,1.774
2.038,-3.082,1.727
1.905,-3.090,1.980
1.978,-3.085,1.898
1.921,-3.090,1.658
1.971,-3.074,1.798
1.887,-3.082,2.104
1.936,-3.097,1.817
1.812,-3.105,1.980
1.825,-3.168,1.985
1.777,-3.260,1.901
1.900,-3.075,2.057
1.689,-3.093,2.200
1.527,-3.186,2.128
1.560,-3.310,1.795
1.327,-3.202,1.755
1.276,-3.545,1.741
1.402,-3.479,1.715
1.354,-3.373,1.621
1.229,-3.520,1.604
1.265,-3.591,1.503
1.165,-3.553,1.660
1.332,-3.550,1.385
1.322,-3.501,1.469
1.444,-3.372,1.897
1.546,-3.288,1.795
1.495,-3.297,1.818
1.745,-3.224,1.812
1.728,-3.236,1.759
1.787,-3.229,1.527
1.640,-3.346,1.646
1.379,-3.483,1.857
1.116,-3.481,2.007
1.100,-3.699,1.504
1.294,-3.654,0.870
1.336,-3.662,0.774
1.392,-3.687,0.672
1.223,-3.718,1.309
1.332,-3.806,0.618
1.705,-3.516,0.858
0.771,-3.884,1.250
0.968,-3.598,1.533
1.747,-3.270,1.987
1.700,-3.408,1.541
1.643,-3.491,1.204
1.722,-3.454,1.250
1.639,-3.521,1.168
1.501,-3.525,1.336
1.496,-3.552,1.186
1.655,-3.497,1.215
1.672,-3.500,1.271
1.601,-3.523,1.223
1.571,-3.521,1.274
1.698,-3.476,1.098
1.656,-3.480,1.235
1.646,-3.484,1.287
1.644,-3.495,1.188
1.548,-3.526,1.339
1.674,-3.520,1.116
1.659,-3.481,1.264
1.630,-3.506,1.293
1.591,-3.515,1.238
1.659,-3.505,1.208
1.603,-3.518,1.184
1.576,-3.509,1.281
1.627,-3.500,1.207
-,-,-
2.807,-2.734,1.034
2.935,-2.757,0.998
2.906,-2.853,0.990
2.895,-2.632,1.153
2.752,-2.743,1.159
2.426,-2.891,1.281
2.785,-2.749,1.261
2.779,-3.049,1.023
2.773,-2.784,1.058
2.791,-2.809,1.150
2.743,-2.868,1.078
2.431,-2.975,1.294
2.666,-2.896,1.305
2.470,-2.920,1.478
2.362,-2.903,1.776
2.142,-3.045,1.734
2.087,-3.048,1.642
2.176,-3.093,1.677
2.073,-3.091,1.704
2.077,-3.089,1.792
1.845,-3.190,1.684
2.068,-3.163,1.551
1.991,-3.278,1.345
1.951,-3.392,1.233
1.844,-3.312,1.525
1.812,-3.312,1.603
2.028,-3.115,1.596
1.722,-3.369,1.650
1.961,-3.108,1.830
2.180,-3.105,1.582
1.932,-3.218,1.660
1.934,-3.225,1.573
2.042,-3.104,1.733
1.876,-3.237,1.760
2.066,-3.226,1.403
2.235,-3.106,1.506
1.879,-3.284,1.796
1.727,-3.267,2.117
1.897,-3.226,1.599
2.010,-3.301,0.983
1.559,-3.510,1.154
1.336,-3.605,1.374
1.488,-3.585,0.936
1.669,-3.570,0.840
1.392,-3.650,1.377
1.460,-3.533,1.145
1.441,-3.550,1.263
1.476,-3.533,1.201
1.606,-3.412,1.501
1.521,-3.499,1.462
1.616,-3.434,1.440
1.829,-3.397,1.297
1.758,-3.411,1.324
1.787,-3.450,1.244
1.687,-3.469,1.393
1.772,-3.485,1.100
1.912,-3.434,0.857
1.784,-3.436,1.203
1.708,-3.492,1.288
1.821,-3.413,1.259
1.825,-3.426,0.999
1.770,-3.473,1.133
1.705,-3.477,1.238
1.814,-3.461,1.119
1.791,-3.460,1.152
1.759,-3.472,1.199
1.743,-3.473,1.216
1.730,-3.470,1.261
1.836,-3.443,1.065
1.803,-3.434,1.060
1.778,-3.447,1.137
1.774,-3.431,1.156
1.841,-3.458,1.001
1.856,-3.454,1.003
1.843,-3.453,1.039
1.745,-3.468,1.222
1.799,-3.477,1.038
1.812,-3.458,1.111
1.826,-3.460,1.118
1.837,-3.455,1.062
-,-,-
1.999,-2.574,2.568
1.983,-2.546,2.526
1.925,-2.585,2.547
1.966,-2.581,2.584
1.893,-2.617,2.560
1.906,-2.594,2.614
2.058,-2.525,2.563
1.941,-2.591,2.572
1.855,-2.565,2.355
1.863,-2.730,2.637
1.970,-2.682,2.514
1.687,-2.599,2.602
1.381,-2.763,2.774
1.349,-2.856,2.698
1.562,-2.803,2.770
1.460,-2.938,2.455
1.468,-2.927,2.344
1.306,-3.005,2.476
1.094,-3.132,2.426
1.201,-3.078,2.176
1.177,-3.218,2.463
1.264,-3.184,2.244
1.237,-3.118,2.418
1.276,-3.074,2.390
1.190,-3.054,2.536
1.454,-2.963,2.400
1.419,-2.983,2.447
1.466,-2.975,2.442
1.541,-3.041,2.349
1.397,-3.143,2.270
1.319,-3.088,2.421
1.238,-3.100,2.369
1.118,-3.294,2.203
1.290,-3.285,1.956
1.108,-3.348,2.004
1.045,-3.352,2.077
1.138,-3.341,1.975
1.162,-3.427,1.854
1.442,-3.178,1.894
1.314,-3.272,2.202
1.264,-3.146,2.275
1.040,-3.331,2.384
1.422,-3.087,2.215
1.363,-3.056,2.283
1.453,-3.173,2.131
1.428,-3.159,2.168
1.473,-3.186,2.153
1.406,-3.173,2.159
1.398,-3.188,2.108
1.415,-3.179,2.145
1.459,-3.155,2.173
1.481,-3.139,2.200
1.365,-3.177,2.194
1.388,-3.188,2.207
1.381,-3.161,2.216
1.396,-3.150,2.171
1.406,-3.129,2.255
1.373,-3.141,2.185
1.332,-3.198,2.191
1.396,-3.142,2.237
1.349,-3.165,2.186
1.341,-3.174,2.244
1.344,-3.169,2.228
1.320,-3.177,2.214
1.355,-3.142,2.211
1.338,-3.137,2.229
1.387,-3.160,2.179
1.306,-3.167,2.252
1.257,-3.185,2.248
1.392,-3.147,2.186
-,-,-
2.492,-2.396,2.323
2.493,-2.371,2.333
2.565,-2.395,2.207
2.530,-2.390,2.261
2.477,-2.426,2.293
2.483,-2.396,2.299
2.597,-2.451,2.183
2.439,-2.473,2.276
1.939,-2.569,2.547
2.161,-2.629,2.328
2.025,-2.679,2.408
1.729,-2.759,2.561
1.595,-2.808,2.469
1.547,-2.859,2.440
1.360,-3.073,2.272
1.352,-3.036,2.229
1.319,-3.099,2.426
1.187,-3.265,2.258
1.420,-3.191,2.180
1.462,-2.969,2.270
1.397,-3.019,2.509
1.363,-2.958,2.417
1.820,-2.820,2.335
1.572,-2.933,2.430
1.791,-2.760,2.429
1.740,-2.937,2.405
1.790,-2.935,2.226
1.398,-3.000,2.483
1.320,-3.124,2.387
1.453,-3.001,2.384
1.027,-3.311,2.394
1.235,-3.177,2.186
1.289,-3.194,2.304
1.241,-3.226,2.131
1.099,-3.442,1.690
1.167,-3.505,1.822
1.071,-3.405,1.913
1.137,-3.373,1.930
1.064,-3.313,2.188
1.244,-3.200,2.223
1.129,-3.244,2.371
1.438,-3.063,2.208
1.422,-3.137,2.217
1.507,-3.079,2.210
1.361,-3.212,2.188
1.385,-3.224,2.115
1.369,-3.216,2.117
1.302,-3.202,2.289
1.437,-3.211,2.077
1.414,-3.191,2.093
1.331,-3.197,2.234
1.379,-3.188,2.178
1.372,-3.197,2.149
1.352,-3.217,2.140
1.409,-3.193,2.173
1.477,-3.162,2.104
1.422,-3.199,2.110
1.308,-3.182,2.241
1.414,-3.175,2.124
1.401,-3.170,2.151
1.299,-3.208,2.222
1.338,-3.211,2.174
1.393,-3.163,2.171
-,-,-
2.412,-2.414,2.394
2.472,-2.403,2.314
2.503,-2.389,2.275
2.481,-2.394,2.245
2.421,-2.409,2.355
2.538,-2.402,2.271
2.526,-2.400,2.258
2.373,-2.440,2.373
2.267,-2.504,2.523
2.346,-2.468,2.247
2.488,-2.477,2.256
2.093,-2.560,2.514
1.949,-2.681,2.591
1.996,-2.652,2.511
1.890,-2.685,2.497
1.913,-2.667,2.488
1.641,-2.832,2.448
1.522,-3.011,2.525
1.440,-2.912,2.336
1.253,-3.052,2.524
1.442,-2.934,2.426
1.433,-2.987,2.293
1.114,-3.344,2.432
1.397,-3.047,2.185
1.249,-3.006,2.568
1.466,-2.935,2.472
1.518,-2.938,2.557
1.572,-2.935,2.396
1.523,-2.960,2.525
1.680,-2.899,2.394
1.417,-3.061,2.455
1.410,-2.986,2.420
1.114,-3.188,2.428
1.154,-3.200,2.301
1.127,-3.257,2.084
1.073,-3.274,2.123
1.051,-3.332,2.039
0.893,-3.524,1.991
1.294,-3.228,1.687
1.042,-3.340,2.176
1.157,-3.119,2.271
1.002,-3.279,2.359
1.125,-3.184,2.352
1.488,-3.108,2.235
1.565,-2.975,2.255
1.410,-3.108,2.347
1.490,-3.079,2.213
1.428,-3.120,2.206
1.464,-3.121,2.160
1.380,-3.155,2.290
1.427,-3.108,2.243
1.443,-3.130,2.190
1.354,-3.162,2.306
1.421,-3.117,2.238
1.425,-3.145,2.314
1.433,-3.106,2.250
1.461,-3.103,2.249
1.494,-3.083,2.197
1.392,-3.117,2.310
1.355,-3.123,2.266
1.390,-3.112,2.273
1.399,-3.122,2.240
1.377,-3.130,2.258
1.430,-3.111,2.218
1.376,-3.157,2.295
-,-,-
2.268,-2.837,1.938
2.239,-2.859,1.953
2.231,-2.835,2.009
2.224,-2.839,1.953
2.202,-2.837,1.976
2.175,-2.822,1.959
2.160,-2.853,2.098
2.154,-2.860,2.018
2.240,-2.816,2.011
2.116,-2.849,2.030
2.114,-2.845,2.130
2.101,-2.861,2.134
1.951,-2.895,2.154
2.094,-2.861,2.133
2.224,-2.842,1.900
2.324,-2.829,2.038
1.933,-2.896,2.125
1.928,-2.890,2.218
1.859,-2.934,2.290
1.714,-2.975,2.248
1.606,-3.054,2.232
1.692,-3.046,2.076
1.712,-3.054,2.184
1.330,-3.210,2.315
1.134,-3.471,2.006
1.480,-3.194,1.836
1.332,-3.284,1.926
1.215,-3.463,1.751
1.146,-3.557,1.919
1.286,-3.432,1.858
1.479,-3.348,1.823
1.390,-3.190,2.049
1.312,-3.220,2.259
1.440,-3.188,2.078
1.243,-3.377,2.129
1.394,-3.351,1.917
1.733,-3.169,1.849
1.396,-3.264,1.940
1.209,-3.401,1.828
0.817,-3.735,1.686
1.284,-3.581,1.323
1.126,-3.595,1.415
0.921,-3.772,1.681
1.114,-3.616,1.510
1.377,-3.581,1.032
1.289,-3.639,1.275
1.336,-3.351,1.796
1.206,-3.408,2.092
1.832,-3.129,1.968
1.487,-3.429,1.702
1.353,-3.500,1.633
1.459,-3.452,1.590
1.377,-3.466,1.634
1.331,-3.485,1.598
1.376,-3.473,1.520
1.380,-3.467,1.639
1.619,-3.406,1.442
1.536,-3.459,1.506
1.438,-3.482,1.595
1.497,-3.443,1.526
1.513,-3.434,1.598
1.549,-3.440,1.505
1.475,-3.441,1.578
1.422,-3.468,1.647
1.530,-3.449,1.532
1.563,-3.438,1.510
1.599,-3.442,1.483
1.418,-3.480,1.605
1.430,-3.480,1.540
1.406,-3.482,1.542
1.398,-3.479,1.590
-,-,-
2.708,-2.746,1.473
2.703,-2.732,1.406
2.597,-2.759,1.609
2.518,-2.761,1.728
2.708,-2.720,1.477
2.846,-2.693,1.211
2.818,-2.720,1.307
2.693,-2.765,1.470
2.521,-2.801,1.718
2.469,-2.827,1.783
2.382,-2.951,1.796
2.229,-2.979,1.814
2.235,-2.987,1.605
2.132,-2.973,1.571
1.957,-3.013,1.871
1.832,-3.178,1.767
1.782,-3.226,1.665
1.412,-3.383,1.951
1.540,-3.386,1.569
1.362,-3.611,1.845
1.588,-3.459,1.415
1.633,-3.294,1.761
1.579,-3.354,1.772
1.556,-3.293,1.708
1.610,-3.405,1.670
1.743,-3.254,1.660
1.638,-3.303,1.723
1.742,-3.308,1.913
1.695,-3.329,1.703
1.519,-3.271,1.966
1.159,-3.656,1.890
1.456,-3.608,1.130
1.309,-3.571,1.378
1.347,-3.532,1.513
1.367,-3.546,1.295
1.169,-3.692,1.173
1.221,-3.645,1.244
1.418,-3.668,0.934
1.470,-3.547,1.053
0.994,-3.759,1.340
1.247,-3.601,1.363
1.174,-3.590,1.480
1.541,-3.444,1.436
1.562,-3.446,1.437
1.453,-3.562,1.334
1.497,-3.474,1.399
1.443,-3.542,1.352
1.535,-3.499,1.348
1.500,-3.496,1.364
1.558,-3.522,1.148
1.471,-3.546,1.301
1.495,-3.532,1.367
1.438,-3.563,1.392
1.534,-3.528,1.212
1.359,-3.595,1.368
1.365,-3.590,1.296
1.469,-3.536,1.293
1.469,-3.538,1.375
1.401,-3.531,1.418
1.392,-3.560,1.327
1.437,-3.559,1.378
1.533,-3.529,1.263
1.486,-3.514,1.396
1.351,-3.571,1.328
1.416,-3.548,1.352
1.404,-3.551,1.341
1.364,-3.565,1.312
1.405,-3.544,1.359
1.338,-3.594,1.359
1.369,-3.582,1.339
1.427,-3.551,1.361
-,-,-
2.223,-3.013,1.630
2.306,-2.992,1.613
2.198,-3.011,1.682
2.095,-3.041,1.797
2.138,-3.022,1.697
2.128,-2.994,1.820
2.051,-3.020,1.802
2.110,-3.020,1.798
2.036,-3.028,1.855
1.937,-3.064,2.019
1.940,-3.050,1.956
2.246,-2.993,1.684
2.249,-3.033,1.642
2.004,-3.104,1.872
1.986,-3.075,1.918
1.692,-3.136,1.812
1.429,-3.224,1.895
1.556,-3.227,2.066
1.406,-3.359,1.842
1.043,-3.601,1.579
1.245,-3.375,1.865
1.373,-3.454,1.657
1.304,-3.451,1.790
1.295,-3.571,1.447
0.904,-3.832,1.612
1.253,-3.475,1.424
1.569,-3.431,1.081
0.859,-3.692,1.966
1.477,-3.287,1.614
1.414,-3.383,1.801
1.330,-3.462,1.705
1.462,-3.410,1.692
1.276,-3.428,1.692
1.018,-3.538,1.932
1.018,-3.597,1.622
1.071,-3.929,0.783
1.370,-3.666,0.499
0.971,-3.749,1.242
0.943,-3.769,1.289
1.164,-3.729,1.053
1.100,-3.854,0.655
1.426,-3.694,0.552
1.065,-3.841,0.893
0.857,-3.845,1.013
1.021,-3.681,1.188
1.216,-3.662,1.203
1.264,-3.592,1.194
1.368,-3.605,1.105
1.337,-3.678,1.079
1.320,-3.635,1.139
1.238,-3.678,1.177
1.372,-3.641,1.077
1.422,-3.596,1.127
1.272,-3.648,1.274
1.382,-3.672,1.027
1.369,-3.650,0.961
1.341,-3.646,1.056
1.313,-3.646,1.154
1.460,-3.593,1.044
1.313,-3.646,1.164
1.144,-3.691,1.295
1.406,-3.625,1.077
1.409,-3.663,1.127
1.292,-3.639,1.191
1.211,-3.708,1.134
1.234,-3.685,1.125
1.334,-3.603,1.085
1.311,-3.664,1.079
1.289,-3.656,1.231
1.283,-3.679,1.143
1.240,-3.684,1.127
1.224,-3.671,1.206
-,-,-
2.358,-2.875,1.777
2.369,-2.879,1.736
2.258,-2.911,1.825
2.301,-2.899,1.781
2.338,-2.887,1.756
2.383,-2.864,1.752
2.467,-2.864,1.796
2.125,-3.018,1.770
2.207,-3.035,1.762
2.096,-2.968,1.973
1.950,-3.011,1.790
1.922,-3.133,1.903
1.677,-3.146,1.973
1.602,-3.209,1.855
1.658,-3.254,1.937
1.471,-3.323,1.820
1.573,-3.308,1.830
1.312,-3.367,1.854
1.228,-3.447,1.885
1.401,-3.411,1.723
1.510,-3.441,1.729
1.381,-3.380,1.754
1.330,-3.521,1.523
1.130,-3.621,1.377
1.058,-3.822,1.427
1.692,-3.412,1.113
1.222,-3.592,1.451
1.023,-3.600,1.820
1.295,-3.346,1.786
1.325,-3.461,1.809
1.376,-3.371,1.646
1.257,-3.547,1.755
1.296,-3.403,1.620
1.320,-3.399,1.884
1.214,-3.453,1.714
0.979,-3.585,1.227
0.442,-3.933,1.337
0.827,-3.813,0.751
0.890,-3.842,0.707
0.803,-3.868,0.899
0.895,-3.937,0.841
1.263,-3.759,0.489
0.619,-3.960,0.905
1.053,-3.715,0.891
0.430,-3.932,1.357
0.942,-3.732,1.093
1.447,-3.499,1.327
1.300,-3.579,1.292
1.037,-3.711,1.248
1.104,-3.748,1.081
1.257,-3.667,1.149
1.274,-3.662,0.953
1.257,-3.681,1.104
1.212,-3.694,1.069
1.261,-3.675,1.023
1.209,-3.688,1.121
1.150,-3.719,1.015
1.240,-3.701,1.122
1.233,-3.666,1.091
1.199,-3.695,1.136
1.096,-3.707,1.208
1.132,-3.719,1.155
1.234,-3.674,1.062
1.241,-3.677,1.216
1.258,-3.668,1.215
1.138,-3.693,1.129
1.125,-3.702,1.104
1.072,-3.711,1.170
1.231,-3.657,1.148
1.175,-3.696,1.104
-,-,-
2.386,-2.881,1.638
2.408,-2.895,1.638
2.451,-2.882,1.620
2.434,-2.882,1.618
2.507,-2.855,1.536
2.357,-2.896,1.695
2.413,-2.856,1.833
2.460,-2.887,1.534
2.336,-2.911,1.648
2.025,-2.992,1.959
2.169,-2.984,1.827
2.184,-3.050,1.799
2.045,-3.021,1.930
2.122,-3.021,1.745
1.902,-3.100,1.965
1.971,-2.987,1.838
1.689,-3.189,1.850
1.432,-3.234,1.871
1.387,-3.374,1.982
1.181,-3.315,1.973
1.165,-3.491,1.635
1.365,-3.488,1.437
1.132,-3.531,1.833
1.088,-3.530,1.603
1.164,-3.671,1.140
0.782,-4.039,1.197
1.257,-3.561,1.178
1.016,-3.576,1.505
1.057,-3.609,1.672
1.144,-3.508,1.690
1.225,-3.500,1.695
1.304,-3.488,1.599
1.466,-3.437,1.689
1.209,-3.470,1.696
1.280,-3.360,1.934
0.583,-3.887,1.262
1.041,-3.661,0.871
0.585,-3.976,0.675
0.798,-3.841,0.754
0.900,-3.797,0.798
0.868,-3.839,0.767
1.067,-3.822,0.482
0.834,-3.957,0.544
1.146,-3.871,0.396
0.756,-3.941,0.624
0.680,-3.964,0.843
0.711,-3.851,1.019
1.199,-3.646,1.026
1.366,-3.657,0.867
1.401,-3.553,1.174
1.160,-3.714,1.229
1.200,-3.636,1.276
1.196,-3.738,0.913
1.237,-3.726,0.793
1.471,-3.650,0.880
1.387,-3.723,0.928
1.398,-3.610,1.017
1.323,-3.696,0.856
1.177,-3.747,1.021
1.408,-3.642,0.955
1.196,-3.710,1.029
1.290,-3.663,1.104
1.379,-3.670,0.889
1.241,-3.721,0.959
1.321,-3.682,1.079
1.204,-3.727,1.027
1.330,-3.649,0.960
1.328,-3.688,0.972
1.307,-3.700,1.009
1.330,-3.674,0.958
1.276,-3.677,0.993
1.213,-3.720,1.043
1.344,-3.678,0.989
1.274,-3.677,1.018
-,-,-
2.210,-2.811,2.052
2.238,-2.877,1.909
2.261,-2.856,1.820
2.158,-2.852,2.125
2.161,-2.833,2.054
2.201,-2.883,1.867
2.187,-2.886,1.972
2.348,-2.742,2.232
1.975,-2.983,2.251
1.871,-2.988,2.015
1.787,-3.095,2.090
1.774,-3.014,2.202
1.663,-3.035,2.172
1.610,-3.044,2.190
1.598,-3.108,2.157
1.429,-3.304,1.925
1.637,-3.009,2.087
1.103,-3.667,1.710
1.281,-3.461,1.618
1.430,-3.484,1.701
1.248,-3.573,1.785
1.362,-3.363,1.696
1.245,-3.274,1.926
1.432,-3.300,2.176
1.650,-3.087,1.959
1.554,-3.229,2.033
1.508,-3.280,1.856
1.555,-3.266,1.924
1.594,-3.272,1.939
1.480,-3.222,2.093
1.425,-3.364,1.926
1.359,-3.220,2.036
0.836,-3.531,2.104
1.303,-3.528,1.164
1.673,-3.483,1.141
1.232,-3.629,1.075
1.342,-3.635,1.302
1.238,-3.727,1.027
1.587,-3.633,0.782
1.221,-3.531,1.292
1.034,-3.593,1.672
1.187,-3.563,1.802
1.398,-3.521,1.455
1.703,-3.412,1.398
1.537,-3.441,1.550
1.519,-3.543,1.357
1.569,-3.451,1.376
1.418,-3.558,1.329
1.772,-3.366,1.447
1.690,-3.450,1.288
1.698,-3.419,1.346
1.753,-3.416,1.313
1.767,-3.426,1.263
1.678,-3.430,1.420
1.655,-3.443,1.303
1.667,-3.430,1.382
1.656,-3.451,1.372
1.611,-3.474,1.388
1.608,-3.486,1.428
1.594,-3.485,1.327
1.634,-3.436,1.389
1.638,-3.456,1.433
1.595,-3.473,1.343
1.581,-3.486,1.401
1.646,-3.450,1.426
1.624,-3.451,1.334
1.542,-3.481,1.452
1.524,-3.491,1.392
1.649,-3.452,1.358
-,-,-
2.215,-2.941,1.722
2.294,-2.934,1.762
2.297,-2.941,1.661
2.214,-2.998,1.763
2.277,-2.934,1.732
2.147,-2.983,1.778
2.047,-3.017,1.849
2.199,-2.954,1.806
2.312,-2.943,1.729
2.201,-2.974,1.816
1.842,-3.082,2.016
2.056,-3.052,1.899
2.269,-3.055,1.680
2.197,-3.017,1.795
2.182,-2.959,1.810
2.179,-2.990,1.904
1.881,-3.119,1.724
1.588,-3.320,1.703
1.435,-3.433,1.542
1.570,-3.384,1.631
1.309,-3.579,1.523
1.354,-3.484,1.344
1.445,-3.661,1.239
1.258,-3.725,1.161
1.464,-3.434,1.679
1.229,-3.445,1.771
1.416,-3.369,1.751
1.710,-3.245,1.770
1.646,-3.402,1.544
1.654,-3.397,1.518
1.505,-3.351,1.897
1.272,-3.445,1.805
0.926,-3.691,1.542
1.003,-3.833,0.652
1.228,-3.744,0.518
0.894,-3.841,0.929
1.064,-3.787,0.865
1.367,-3.798,0.442
1.516,-3.744,0.462
0.976,-3.923,0.801
0.709,-3.817,1.061
1.420,-3.495,1.637
1.387,-3.540,1.405
1.626,-3.496,1.263
1.670,-3.463,1.219
1.457,-3.654,1.140
1.620,-3.506,1.105
1.619,-3.542,1.101
1.494,-3.619,1.223
1.636,-3.550,1.023
1.517,-3.635,1.037
1.594,-3.556,1.090
1.613,-3.539,1.140
1.612,-3.541,1.084
1.590,-3.552,1.036
1.542,-3.590,1.088
1.618,-3.537,1.051
1.625,-3.531,1.098
1.525,-3.561,1.157
1.564,-3.549,1.120
1.559,-3.558,1.106
1.559,-3.554,1.202
1.516,-3.585,1.051
1.480,-3.576,1.234
1.614,-3.540,1.048
1.562,-3.552,1.101
1.536,-3.574,1.102
1.553,-3.556,1.096
1.491,-3.599,1.119
1.411,-3.612,1.203
-,-,-
2.408,-2.928,1.563
2.376,-2.920,1.599
2.453,-2.921,1.500
2.407,-2.926,1.475
2.306,-2.957,1.631
2.410,-2.875,1.743
2.513,-2.903,1.405
2.361,-2.926,1.564
2.098,-2.960,2.105
2.061,-2.981,2.010
2.047,-3.027,1.855
2.243,-2.999,1.773
2.056,-2.974,1.951
2.037,-3.066,1.863
1.894,-3.070,2.009
1.996,-3.045,1.828
1.759,-3.115,1.896
1.809,-3.048,2.080
1.758,-3.197,1.900
1.695,-3.250,1.778
1.733,-3.268,1.730
1.390,-3.256,2.016
1.134,-3.346,2.257
1.198,-3.379,1.786
1.319,-3.556,1.474
1.342,-3.395,1.739
1.298,-3.585,1.335
0.913,-4.060,1.671
1.325,-3.371,1.374
1.081,-3.570,1.780
1.417,-3.167,1.948
1.620,-3.306,1.765
1.552,-3.370,1.615
1.509,-3.405,1.732
1.601,-3.313,1.885
1.177,-3.541,1.853
1.212,-3.664,1.470
1.479,-3.492,1.343
1.211,-3.789,1.042
1.426,-3.566,0.891
1.090,-3.897,1.069
1.303,-3.706,0.595
1.492,-3.739,0.676
1.602,-3.696,0.353
0.916,-3.849,0.884
0.693,-3.817,1.201
1.501,-3.323,1.767
1.362,-3.598,1.546
1.463,-3.522,1.277
1.521,-3.586,1.245
1.619,-3.438,1.336
1.487,-3.590,1.221
1.581,-3.534,1.247
1.624,-3.506,1.113
1.431,-3.611,1.198
1.628,-3.453,1.353
1.616,-3.542,1.126
1.667,-3.454,1.274
1.744,-3.454,1.165
1.665,-3.485,1.139
1.589,-3.479,1.315
1.548,-3.522,1.276
1.489,-3.557,1.224
1.613,-3.496,1.158
1.578,-3.508,1.259
1.604,-3.509,1.210
1.613,-3.507,1.181
1.555,-3.552,1.259
1.519,-3.543,1.264
1.611,-3.502,1.267
1.568,-3.514,1.217
1.471,-3.554,1.288
-,-,-
2.462,-2.944,1.426
2.483,-2.902,1.510
2.412,-2.917,1.422
2.413,-2.954,1.496
2.539,-2.916,1.383
2.455,-2.940,1.462
2.507,-2.918,1.389
2.455,-2.913,1.471
2.380,-2.937,1.481
2.408,-2.966,1.545
2.475,-2.905,1.396
2.298,-2.941,1.708
2.186,-2.999,1.774
2.260,-2.975,1.805
2.300,-2.982,1.672
2.392,-2.976,1.580
2.333,-2.920,1.593
1.934,-2.982,1.984
1.891,-3.063,2.045
1.914,-3.141,1.792
1.896,-3.116,1.854
1.772,-3.147,1.826
1.742,-3.105,1.986
1.585,-3.234,2.091
1.454,-3.090,2.291
1.518,-3.290,1.612
1.389,-3.378,1.713
1.180,-3.597,1.876
1.381,-3.343,1.933
1.517,-3.428,1.323
0.827,-3.860,2.109
1.900,-3.432,0.940
1.024,-3.350,2.185
1.513,-3.300,1.868
1.470,-3.233,1.939
1.602,-3.339,1.562
1.632,-3.388,1.499
1.320,-3.436,2.019
1.476,-3.298,1.956
1.529,-3.507,1.379
1.529,-3.566,0.926
1.316,-3.701,1.123
1.156,-3.726,1.010
1.237,-3.714,1.046
1.533,-3.623,0.737
1.789,-3.669,0.503
1.677,-3.679,0.187
1.103,-3.687,1.100
1.202,-3.552,1.753
1.199,-3.563,1.688
1.586,-3.543,1.263
1.800,-3.429,1.025
1.623,-3.522,1.192
1.550,-3.601,1.136
1.797,-3.407,1.308
1.578,-3.554,1.112
1.617,-3.510,1.163
1.686,-3.535,0.965
1.546,-3.586,1.169
1.578,-3.527,1.175
1.646,-3.541,1.048
1.638,-3.513,1.102
1.640,-3.510,1.178
1.644,-3.541,1.160
1.714,-3.521,1.080
1.677,-3.497,1.188
1.747,-3.492,1.024
1.689,-3.521,1.138
1.545,-3.558,1.197
1.652,-3.519,1.126
1.602,-3.550,1.130
1.632,-3.538,1.174
1.693,-3.496,1.190
-,-,-
2.523,-2.529,1.998
2.590,-2.499,2.062
2.552,-2.517,1.982
2.545,-2.559,1.998
2.511,-2.574,1.924
2.597,-2.526,2.045
2.563,-2.554,2.032
2.479,-2.570,2.086
2.442,-2.572,2.162
2.465,-2.566,2.086
2.484,-2.656,1.908
2.283,-2.684,2.225
2.097,-2.726,2.214
2.367,-2.646,2.293
1.750,-2.936,2.276
1.944,-2.886,2.193
1.944,-2.870,2.293
1.638,-2.998,2.082
1.947,-3.018,1.524
1.735,-3.116,2.216
1.503,-3.346,2.162
1.808,-3.053,1.898
1.503,-3.122,2.243
1.729,-2.912,2.161
1.590,-3.046,2.324
1.892,-2.871,2.199
1.624,-3.022,2.380
1.883,-2.986,1.953
1.862,-3.037,2.083
1.819,-3.008,2.266
1.752,-3.021,2.355
1.259,-3.303,2.310
1.459,-3.228,1.753
1.471,-3.297,1.656
1.284,-3.436,1.695
1.199,-3.667,1.774
1.404,-3.462,1.450
1.585,-3.419,1.220
0.777,-3.647,2.156
1.207,-3.336,1.938
1.616,-3.112,2.102
1.416,-3.249,2.175
1.585,-3.203,1.895
1.650,-3.188,1.931
1.583,-3.232,1.913
1.833,-3.101,1.834
1.717,-3.180,1.946
1.725,-3.210,1.881
1.788,-3.189,1.765
1.635,-3.216,1.942
1.706,-3.219,1.885
1.748,-3.215,1.814
1.721,-3.191,1.895
1.681,-3.211,1.885
1.726,-3.192,1.907
1.744,-3.188,1.878
1.660,-3.237,1.915
1.722,-3.182,1.891
1.666,-3.194,1.880
1.697,-3.206,1.928
1.706,-3.184,1.877
1.781,-3.188,1.828
1.634,-3.241,1.926
1.539,-3.234,1.947
-,-,-
2.676,-2.466,2.013
2.651,-2.467,1.986
2.692,-2.443,1.910
2.642,-2.454,1.972
2.670,-2.462,1.941
2.684,-2.496,1.966
2.623,-2.549,1.943
2.436,-2.589,2.045
2.443,-2.569,2.138
2.513,-2.595,2.106
2.152,-2.763,1.896
2.117,-2.747,2.203
1.709,-2.801,2.512
1.632,-2.973,2.313
1.875,-2.980,2.164
1.671,-3.054,2.254
1.655,-3.210,2.100
1.873,-3.139,1.914
1.515,-3.065,2.459
1.738,-2.887,2.110
1.737,-2.795,2.551
1.746,-2.975,2.243
2.012,-3.007,2.018
1.979,-2.954,2.063
1.618,-3.037,2.169
1.257,-3.169,2.423
1.269,-3.306,1.932
1.374,-3.267,1.937
1.271,-3.368,1.534
1.071,-3.608,2.055
1.359,-3.467,1.588
1.392,-3.457,1.317
1.092,-3.470,1.986
0.704,-3.436,2.346
1.788,-2.834,2.025
1.479,-3.180,2.275
1.686,-3.146,1.857
1.633,-3.253,1.933
1.534,-3.329,1.868
1.696,-3.135,1.958
1.643,-3.187,1.890
1.574,-3.235,1.979
1.741,-3.147,1.896
1.771,-3.153,1.811
1.514,-3.298,2.038
1.711,-3.190,1.838
1.644,-3.262,1.852
1.708,-3.143,1.937
1.692,-3.212,1.756
1.561,-3.237,2.059
1.692,-3.221,1.828
1.677,-3.210,1.921
1.703,-3.230,1.842
1.691,-3.193,1.884
1.656,-3.194,1.947
1.722,-3.201,1.879
1.683,-3.201,1.916
1.663,-3.209,1.896
1.646,-3.206,1.883
1.648,-3.196,1.931
1.594,-3.245,1.947
1.620,-3.210,1.913
-,-,-
2.872,-2.354,1.819
2.875,-2.362,1.774
2.844,-2.398,1.813
2.885,-2.380,1.794
2.870,-2.418,1.672
2.829,-2.512,1.769
2.765,-2.402,1.810
2.617,-2.443,1.943
2.628,-2.480,2.081
2.521,-2.591,1.917
2.514,-2.586,1.956
2.188,-2.686,2.077
1.812,-2.727,2.439
1.694,-2.977,2.271
1.607,-2.978,2.245
1.538,-3.130,2.083
1.593,-3.069,1.984
1.506,-3.399,2.274
1.193,-3.347,2.199
1.596,-3.011,2.215
1.333,-3.048,2.344
1.591,-2.949,2.219
1.739,-2.971,2.135
1.733,-3.050,2.164
1.793,-2.988,2.131
1.737,-3.067,2.116
1.886,-2.958,2.004
1.690,-3.013,2.286
1.703,-3.086,2.124
1.603,-3.214,2.049
1.304,-3.344,2.068
0.965,-3.439,1.984
1.195,-3.496,1.394
0.858,-3.578,1.992
1.066,-3.468,1.881
1.141,-3.611,1.735
0.970,-3.523,1.658
1.022,-3.401,2.007
1.183,-3.299,2.240
1.338,-3.185,2.081
1.728,-3.138,1.953
1.592,-3.213,1.929
1.674,-3.183,1.837
1.524,-3.297,1.914
1.736,-3.146,1.873
1.759,-3.196,1.825
1.634,-3.225,1.889
1.891,-3.088,1.900
1.870,-3.175,1.706
1.779,-3.188,1.942
1.804,-3.212,1.810
1.792,-3.169,1.844
1.693,-3.218,1.894
1.678,-3.200,1.894
1.743,-3.214,1.837
1.761,-3.200,1.827
1.802,-3.170,1.787
1.839,-3.149,1.833
1.755,-3.178,1.864
1.749,-3.172,1.865
1.730,-3.207,1.916
1.813,-3.192,1.828
1.786,-3.199,1.788
1.713,-3.200,1.924
1.788,-3.173,1.782
-,-,-
2.146,-2.922,1.980
2.222,-2.847,1.903
2.259,-2.876,1.856
2.249,-2.887,1.969
2.108,-2.935,2.040
2.212,-2.827,2.090
1.904,-2.954,2.152
1.683,-3.021,2.222
1.491,-3.084,2.309
1.201,-3.417,2.239
1.348,-3.308,1.973
1.494,-3.253,1.802
1.037,-3.555,2.189
1.369,-3.381,1.687
1.293,-3.153,2.182
1.631,-3.079,1.978
1.407,-3.185,2.220
1.563,-3.195,2.000
1.752,-3.134,1.889
1.464,-3.254,2.017
0.897,-3.375,1.964
0.878,-3.653,1.715
0.699,-3.673,1.604
1.106,-3.563,1.394
0.771,-3.876,1.585
1.226,-3.683,1.143
1.274,-3.573,0.965
0.821,-3.604,1.776
1.017,-3.497,2.393
1.058,-3.384,1.973
1.249,-3.423,1.773
1.697,-3.269,1.509
1.627,-3.324,1.661
1.334,-3.564,1.649
1.602,-3.289,1.663
1.671,-3.358,1.546
1.454,-3.465,1.608
1.483,-3.428,1.606
1.490,-3.416,1.572
1.488,-3.416,1.573
1.562,-3.392,1.614
1.640,-3.371,1.573
1.454,-3.413,1.614
1.434,-3.445,1.618
1.474,-3.409,1.671
1.417,-3.424,1.691
1.520,-3.416,1.619
1.590,-3.391,1.461
1.571,-3.374,1.648
1.475,-3.391,1.690
1.597,-3.366,1.573
1.482,-3.418,1.733
1.546,-3.378,1.623
1.476,-3.415,1.658
1.400,-3.421,1.673
1.513,-3.409,1.636
-,-,-
2.429,-2.721,1.923
2.426,-2.703,1.882
2.520,-2.696,1.873
2.492,-2.771,1.784
2.323,-2.751,2.001
2.273,-2.812,2.261
1.895,-2.924,1.988
1.788,-2.889,2.242
1.441,-3.120,2.203
1.491,-3.032,2.334
1.573,-3.122,2.108
1.281,-3.214,2.107
1.158,-3.343,1.941
1.497,-3.236,1.880
0.837,-3.691,2.216
1.239,-3.344,1.796
1.533,-3.140,1.872
1.510,-3.190,2.001
1.474,-3.182,2.052
1.666,-3.119,2.000
1.627,-3.106,2.118
1.559,-3.235,2.071
1.715,-3.167,1.813
1.609,-3.215,2.048
1.160,-3.348,1.989
1.118,-3.451,2.005
1.015,-3.563,1.580
1.180,-3.528,1.469
0.986,-3.651,1.344
1.093,-3.594,1.442
1.000,-3.800,1.448
1.275,-3.683,0.959
0.976,-3.722,1.544
0.471,-3.706,1.979
1.358,-3.302,1.728
1.111,-3.435,1.887
1.493,-3.342,1.658
1.279,-3.466,1.730
1.432,-3.349,1.656
1.471,-3.414,1.712
1.577,-3.416,1.501
1.581,-3.403,1.562
1.677,-3.363,1.526
1.468,-3.441,1.725
1.474,-3.434,1.630
1.594,-3.374,1.553
1.510,-3.424,1.590
1.523,-3.433,1.662
1.597,-3.356,1.690
1.555,-3.406,1.567
1.623,-3.398,1.425
1.505,-3.406,1.673
1.547,-3.413,1.622
1.477,-3.418,1.627
1.604,-3.352,1.635
1.521,-3.394,1.630
1.527,-3.386,1.633
1.531,-3.404,1.624
1.437,-3.438,1.673
1.442,-3.409,1.648
1.551,-3.392,1.628
1.595,-3.385,1.568
1.558,-3.446,1.618
1.512,-3.415,1.675
1.638,-3.369,1.562
1.558,-3.396,1.631
1.538,-3.423,1.602
1.529,-3.403,1.592
1.567,-3.399,1.603
-,-,-
2.476,-2.706,1.882
2.443,-2.700,1.910
2.441,-2.684,1.889
2.380,-2.702,1.927
2.477,-2.669,1.975
2.488,-2.686,2.019
2.355,-2.789,1.896
2.420,-2.775,1.878
2.083,-2.857,2.107
1.909,-2.907,2.241
2.052,-2.902,2.168
1.929,-2.911,2.108
1.764,-2.970,2.164
1.769,-2.969,2.175
1.260,-3.246,2.219
1.528,-3.084,2.177
1.162,-3.364,2.084
1.427,-3.217,2.071
1.523,-3.217,1.708
1.146,-3.731,2.020
1.530,-3.189,1.807
1.108,-3.182,2.299
1.390,-3.058,2.218
1.446,-3.212,2.074
1.690,-3.114,1.842
1.333,-3.283,2.218
1.601,-3.196,1.887
1.681,-3.170,1.947
1.455,-3.158,2.123
1.233,-3.366,2.009
0.931,-3.588,1.698
1.140,-3.531,1.428
0.958,-3.616,1.539
0.889,-3.627,1.702
1.030,-3.680,1.510
1.041,-3.576,1.331
1.119,-3.572,1.535
0.984,-3.557,1.427
1.101,-3.419,2.017
1.310,-3.357,1.957
1.467,-3.190,1.888
1.491,-3.323,1.733
1.673,-3.251,1.768
1.482,-3.384,1.717
1.499,-3.400,1.702
1.411,-3.408,1.729
1.445,-3.410,1.734
1.568,-3.381,1.647
1.428,-3.386,1.765
1.440,-3.382,1.728
1.509,-3.373,1.699
1.478,-3.386,1.681
1.399,-3.412,1.738
1.425,-3.391,1.736
1.434,-3.382,1.740
1.411,-3.405,1.744
1.451,-3.394,1.727
1.512,-3.364,1.756
1.503,-3.366,1.684
1.458,-3.387,1.724
-,-,-
2.233,-2.858,1.937
2.235,-2.842,1.983
2.219,-2.848,1.922
2.172,-2.861,2.089
2.191,-2.883,1.918
2.290,-2.843,1.845
2.351,-2.821,1.706
2.257,-2.827,1.981
2.056,-2.896,2.089
2.046,-2.904,1.973
2.015,-2.921,2.106
2.034,-2.847,2.124
2.083,-2.820,2.174
1.930,-2.854,2.174
1.781,-2.983,2.279
1.787,-2.988,2.213
1.742,-2.928,2.204
1.481,-3.110,2.338
1.559,-2.983,2.392
1.487,-3.117,2.246
1.726,-3.099,2.111
1.208,-3.323,2.110
1.019,-3.447,1.660
1.008,-3.502,1.483
1.231,-3.437,1.904
1.167,-3.679,1.617
1.351,-3.412,1.365
1.565,-3.157,2.042
1.334,-3.189,2.134
1.484,-3.195,2.108
1.521,-3.211,2.035
1.656,-3.179,1.934
1.565,-3.204,2.073
1.750,-3.174,1.981
1.725,-3.212,1.980
1.850,-3.047,2.184
0.562,-3.812,1.981
1.358,-3.373,1.529
1.291,-3.530,1.379
1.288,-3.617,1.224
1.382,-3.561,1.241
1.164,-3.740,1.311
1.488,-3.579,1.159
1.192,-3.696,1.290
1.168,-3.612,1.558
1.339,-3.338,1.727
2.033,-3.202,1.396
1.897,-3.268,1.509
1.812,-3.369,1.455
1.743,-3.346,1.518
1.689,-3.406,1.433
1.836,-3.322,1.447
1.907,-3.371,1.319
1.943,-3.309,1.391
2.031,-3.270,1.199
1.998,-3.319,1.235
1.838,-3.374,1.336
1.804,-3.370,1.491
1.881,-3.349,1.240
1.831,-3.349,1.427
1.872,-3.345,1.422
1.921,-3.354,1.317
1.910,-3.332,1.346
1.832,-3.352,1.312
1.921,-3.334,1.362
1.905,-3.361,1.230
1.927,-3.347,1.223
1.913,-3.331,1.399
1.894,-3.346,1.294
1.849,-3.352,1.427
1.881,-3.365,1.339
-,-,-
2.717,-2.797,1.336
2.679,-2.785,1.408
2.702,-2.793,1.318
2.707,-2.789,1.342
2.694,-2.784,1.329
2.571,-2.841,1.295
2.636,-2.848,1.284
2.605,-2.881,1.192
2.338,-2.893,1.584
2.396,-2.832,1.711
2.218,-2.905,2.030
2.268,-2.995,1.858
2.348,-2.932,1.835
2.097,-2.937,1.919
1.975,-3.019,1.807
1.803,-3.198,1.967
1.865,-3.076,1.997
1.654,-3.161,1.963
1.557,-3.242,1.918
1.394,-3.293,1.865
1.318,-3.307,2.000
1.081,-3.536,1.703
1.498,-3.356,1.436
1.024,-3.730,1.941
1.291,-3.438,1.516
1.018,-3.492,1.956
1.167,-3.328,2.056
1.381,-3.320,1.851
1.594,-3.200,1.931
1.534,-3.246,2.031
1.543,-3.190,2.001
1.557,-3.250,1.879
1.489,-3.268,2.112
1.495,-3.258,2.143
1.845,-3.003,1.954
1.354,-3.271,2.081
0.719,-3.680,1.833
0.909,-3.571,1.692
0.967,-3.618,1.467
1.232,-3.565,1.489
1.257,-3.574,1.470
1.245,-3.664,1.169
1.098,-3.688,1.226
1.153,-3.423,1.638
0.950,-3.597,1.787
1.447,-3.309,1.828
1.866,-3.100,1.911
1.705,-3.314,1.511
1.865,-3.274,1.497
1.858,-3.350,1.483
1.729,-3.307,1.605
1.911,-3.218,1.540
1.962,-3.162,1.695
1.930,-3.264,1.432
1.979,-3.246,1.449
1.994,-3.234,1.509
1.951,-3.251,1.467
1.874,-3.290,1.542
1.909,-3.289,1.464
1.962,-3.254,1.489
1.943,-3.252,1.483
1.948,-3.275,1.446
1.978,-3.266,1.485
1.945,-3.270,1.467
1.863,-3.277,1.539
1.929,-3.256,1.508
2.047,-3.240,1.329
2.078,-3.229,1.299
2.022,-3.248,1.399
2.001,-3.259,1.355
1.929,-3.265,1.509
1.942,-3.250,1.442
-,-,-
2.371,-2.901,1.614
2.370,-2.894,1.686
2.380,-2.885,1.658
2.350,-2.932,1.668
2.467,-2.955,1.565
2.445,-2.955,1.584
2.167,-2.985,1.916
1.990,-3.083,2.000
1.937,-2.957,2.042
1.875,-3.058,1.860
1.791,-3.229,1.875
1.521,-3.316,1.618
1.510,-3.396,1.925
1.601,-3.271,1.991
1.509,-3.295,1.869
1.157,-3.531,1.489
0.912,-3.657,1.443
1.060,-3.723,1.129
1.429,-3.657,1.305
1.246,-3.712,1.074
1.021,-3.600,1.792
0.579,-3.756,1.585
0.949,-3.406,1.980
1.463,-3.343,1.837
1.615,-3.204,2.075
1.820,-3.159,1.932
1.812,-3.214,1.759
1.489,-3.325,1.542
1.212,-3.375,1.935
1.088,-3.498,1.972
0.740,-3.665,1.893
1.184,-3.628,1.054
1.094,-3.628,1.063
0.891,-3.793,1.094
0.845,-3.825,0.895
0.822,-3.895,0.659
0.798,-3.981,0.854
1.187,-3.854,0.453
0.524,-3.961,0.937
0.883,-3.571,1.432
1.520,-3.239,2.074
1.476,-3.441,1.560
1.417,-3.480,1.453
1.618,-3.384,1.475
1.442,-3.519,1.304
1.523,-3.514,1.459
1.446,-3.539,1.378
1.521,-3.475,1.451
1.219,-3.614,1.366
1.391,-3.566,1.455
1.589,-3.507,1.260
1.731,-3.467,1.136
1.601,-3.487,1.219
1.391,-3.587,1.341
1.324,-3.594,1.476
1.500,-3.531,1.412
1.604,-3.475,1.311
1.487,-3.538,1.289
1.406,-3.547,1.369
1.455,-3.527,1.542
1.519,-3.510,1.281
1.404,-3.568,1.264
1.522,-3.517,1.319
1.596,-3.490,1.289
1.597,-3.499,1.293
1.464,-3.546,1.283
1.379,-3.580,1.312
1.521,-3.519,1.370
1.518,-3.515,1.279
1.512,-3.519,1.290
-,-,-
2.789,-2.767,1.151
2.744,-2.768,1.199
2.855,-2.775,1.013
2.760,-2.775,1.133
2.721,-2.794,1.242
2.649,-2.871,1.397
2.750,-2.807,1.139
2.633,-2.827,1.147
2.303,-2.901,1.631
1.894,-3.052,2.013
2.145,-3.016,2.033
2.155,-3.003,1.663
1.948,-3.136,1.604
1.333,-3.304,2.104
1.440,-3.343,1.719
1.378,-3.404,1.740
1.476,-3.526,1.448
1.345,-3.597,1.712
1.488,-3.304,1.510
0.929,-3.381,2.380
1.094,-3.336,2.078
1.327,-3.211,2.004
1.466,-3.257,2.005
1.684,-3.259,1.965
1.659,-3.121,2.215
1.700,-2.974,2.455
0.671,-3.383,2.187
0.696,-3.673,1.165
0.924,-3.954,0.081
0.875,-3.781,0.957
0.283,-4.119,1.393
1.065,-3.803,0.675
0.707,-3.932,0.868
1.458,-3.325,1.488
1.642,-3.238,1.949
1.584,-3.365,1.983
1.784,-3.310,1.423
1.770,-3.407,1.175
1.735,-3.445,1.220
1.654,-3.494,1.374
1.627,-3.503,1.202
1.729,-3.436,1.353
1.731,-3.445,1.219
1.778,-3.436,1.198
1.942,-3.405,0.995
1.724,-3.469,1.236
1.705,-3.480,1.235
1.690,-3.460,1.312
1.827,-3.429,1.206
1.792,-3.461,1.186
1.759,-3.442,1.274
1.759,-3.454,1.240
1.810,-3.440,1.195
1.873,-3.420,1.159
1.854,-3.406,1.099
1.819,-3.416,1.167
1.758,-3.471,1.184
1.756,-3.446,1.229
1.816,-3.449,1.167
-,-,-
2.766,-2.852,0.864
2.790,-2.822,0.880
2.817,-2.856,0.824
2.800,-2.842,0.796
2.818,-2.845,0.833
2.882,-2.812,0.824
2.802,-2.826,0.887
2.759,-2.857,1.065
2.728,-2.845,1.013
2.642,-2.874,1.123
2.710,-2.908,1.121
2.544,-2.940,1.352
2.488,-2.957,1.405
2.325,-3.042,1.473
1.987,-3.077,1.742
2.003,-3.087,1.691
2.178,-3.120,1.596
1.879,-3.154,1.807
1.523,-3.272,1.754
1.589,-3.291,1.785
1.577,-3.481,1.380
1.574,-3.413,1.320
1.451,-3.417,1.844
1.316,-3.535,1.888
1.316,-3.519,1.626
1.644,-3.330,1.415
1.540,-3.241,1.941
1.624,-3.162,2.134
1.670,-3.254,1.728
1.598,-3.330,1.699
1.618,-3.322,1.797
1.641,-3.304,1.718
1.866,-3.174,1.869
1.500,-3.350,2.021
1.063,-3.495,1.860
0.924,-3.676,1.312
1.233,-3.657,0.891
1.196,-3.753,0.790
0.840,-3.854,1.164
0.994,-3.920,0.864
1.039,-3.814,0.909
0.803,-3.802,1.255
0.956,-3.585,1.557
1.676,-3.269,1.990
1.407,-3.464,1.646
1.739,-3.363,1.335
1.835,-3.345,1.318
1.537,-3.543,1.323
1.791,-3.355,1.542
1.766,-3.442,1.130
1.678,-3.488,1.224
1.761,-3.462,1.168
1.761,-3.444,1.280
1.694,-3.458,1.318
1.637,-3.492,1.271
1.668,-3.480,1.236
1.739,-3.446,1.275
1.681,-3.466,1.223
1.707,-3.448,1.204
1.657,-3.496,1.287
1.643,-3.490,1.254
1.651,-3.479,1.213
1.764,-3.458,1.195
1.746,-3.452,1.262
1.720,-3.445,1.252
1.715,-3.441,1.196
1.643,-3.495,1.231
-,-,-
2.359,-3.049,1.363
2.382,-3.029,1.347
2.399,-3.021,1.305
2.363,-3.062,1.345
2.232,-3.104,1.463
2.301,-3.059,1.452
2.167,-3.069,1.524
2.223,-3.065,1.635
1.984,-3.153,1.861
1.812,-3.128,1.920
1.806,-3.124,2.025
1.715,-3.240,1.639
1.461,-3.211,1.874
1.376,-3.281,2.083
0.639,-3.684,1.912
0.663,-3.615,1.650
0.383,-3.846,1.713
0.765,-3.643,1.513
0.646,-3.815,1.389
0.754,-3.951,1.098
0.973,-3.694,1.278
0.808,-3.686,1.603
1.185,-3.369,1.598
1.564,-3.391,1.251
1.852,-3.207,1.820
1.703,-3.301,1.853
1.737,-3.304,1.444
1.528,-3.335,1.793
1.201,-3.529,1.966
1.071,-3.489,1.916
0.901,-3.936,0.622
1.251,-3.790,0.311
1.257,-3.848,0.333
0.673,-4.097,0.785
1.067,-3.857,0.525
0.709,-3.870,0.799
1.354,-3.315,1.409
1.648,-3.352,1.482
1.127,-3.667,1.685
1.645,-3.387,1.511
1.511,-3.594,1.195
1.564,-3.542,1.187
1.645,-3.485,1.224
1.683,-3.499,1.196
1.626,-3.509,1.252
1.593,-3.521,1.254
1.559,-3.519,1.237
1.490,-3.543,1.289
1.549,-3.539,1.258
1.544,-3.527,1.230
1.532,-3.522,1.331
1.560,-3.514,1.260
1.542,-3.518,1.328
1.575,-3.514,1.222
1.596,-3.511,1.182
1.544,-3.503,1.284
1.634,-3.463,1.373
1.596,-3.509,1.258
1.574,-3.520,1.260
1.562,-3.493,1.282
1.566,-3.513,1.235
1.536,-3.536,1.341
1.534,-3.505,1.312
1.558,-3.502,1.295
-,-,-
2.660,-2.911,1.131
2.702,-2.889,0.971
2.709,-2.891,1.007
2.639,-2.902,1.172
2.571,-2.958,1.135
2.646,-2.987,1.057
2.643,-2.991,0.861
2.551,-2.934,1.236
2.415,-2.891,1.499
1.865,-3.000,2.008
1.684,-3.166,2.220
1.036,-3.461,2.155
0.807,-3.679,1.862
0.832,-3.776,1.323
1.150,-3.795,1.555
1.059,-3.753,1.290
1.362,-3.250,1.545
1.069,-3.494,2.100
1.438,-3.222,1.950
1.588,-3.266,1.695
1.568,-3.380,1.557
1.777,-3.138,1.853
1.135,-3.309,2.170
0.574,-3.568,1.882
0.639,-3.959,0.696
0.972,-3.948,0.203
0.520,-4.257,0.729
0.566,-4.030,0.437
1.420,-3.329,1.244
1.173,-3.693,1.218
1.270,-3.407,1.728
1.467,-3.362,1.645
1.479,-3.538,1.308
1.672,-3.506,1.025
1.734,-3.484,1.063
1.579,-3.524,1.337
1.519,-3.557,1.218
1.542,-3.550,1.299
1.493,-3.545,1.254
1.626,-3.515,1.118
1.497,-3.561,1.201
1.491,-3.556,1.334
1.475,-3.556,1.325
1.478,-3.561,1.170
1.516,-3.527,1.224
1.570,-3.538,1.166
1.563,-3.537,1.244
1.604,-3.511,1.209
1.472,-3.565,1.253
1.473,-3.575,1.245
1.566,-3.541,1.217
-,-,-
2.760,-2.872,0.763
2.855,-2.832,0.747
2.835,-2.844,0.807
2.845,-2.851,0.801
2.817,-2.839,0.778
2.905,-2.881,0.614
2.891,-2.950,0.453
2.883,-2.925,0.548
2.822,-2.800,0.928
2.355,-2.977,1.145
2.343,-3.025,1.541
2.133,-3.116,1.558
1.800,-3.148,1.638
1.672,-3.296,1.810
1.778,-3.209,1.659
1.591,-3.402,1.722
1.573,-3.518,1.267
1.217,-3.628,1.727
1.538,-3.409,1.613
1.316,-3.431,1.775
1.563,-3.292,1.677
1.863,-3.184,1.835
1.670,-3.260,1.705
1.710,-3.302,1.588
1.617,-3.350,1.604
1.826,-3.281,1.720
1.680,-3.338,1.743
1.687,-3.257,1.746
2.119,-3.017,2.010
1.389,-3.295,1.933
0.532,-3.660,1.406
0.383,-4.093,0.773
0.862,-3.955,0.108
0.990,-3.920,0.863
0.743,-3.999,0.681
0.878,-3.682,1.237
0.751,-3.765,1.372
0.772,-3.620,1.670
1.398,-3.304,1.820
1.262,-3.492,1.728
1.612,-3.414,1.225
1.535,-3.539,1.121
1.399,-3.566,1.330
1.263,-3.612,1.279
1.212,-3.634,1.392
1.341,-3.620,1.224
1.347,-3.588,1.392
1.371,-3.545,1.385
1.382,-3.581,1.257
1.307,-3.628,1.332
1.360,-3.595,1.379
1.371,-3.573,1.333
1.428,-3.572,1.223
1.357,-3.599,1.281
1.308,-3.612,1.374
1.364,-3.612,1.255
1.430,-3.563,1.257
1.420,-3.587,1.283
1.360,-3.568,1.294
1.351,-3.587,1.272
1.412,-3.559,1.330
1.361,-3.590,1.314
1.328,-3.617,1.314
-,-,-
2.159,-3.149,1.544
2.229,-3.088,1.488
2.224,-3.073,1.477
2.173,-3.123,1.457
2.400,-3.106,1.283
2.401,-3.033,1.469
1.687,-2.906,2.075
1.017,-3.452,2.120
1.210,-3.219,2.066
0.771,-3.678,1.878
0.938,-3.580,1.554
0.813,-3.534,1.763
0.379,-3.768,1.714
0.525,-3.738,1.444
0.449,-3.949,0.894
0.723,-4.209,0.812
0.129,-4.021,1.168
1.000,-3.365,1.121
0.794,-3.547,1.982
1.397,-3.236,1.995
0.951,-3.661,1.455
1.403,-3.276,1.400
0.664,-3.613,2.078
0.375,-3.235,2.061
0.400,-4.841,1.001
0.431,-4.091,-0.146
0.578,-4.133,0.055
0.545,-4.033,0.011
0.313,-4.108,0.579
0.533,-3.738,1.203
0.616,-3.611,1.635
1.313,-3.295,1.861
0.781,-3.798,1.507
1.001,-3.728,1.379
1.417,-3.512,1.323
1.415,-3.604,1.196
1.439,-3.550,1.163
1.378,-3.625,1.227
1.399,-3.595,1.153
1.338,-3.606,1.269
1.395,-3.620,1.105
1.432,-3.612,1.122
1.425,-3.604,1.128
1.452,-3.594,1.138
1.428,-3.578,1.142
1.367,-3.628,1.150
1.284,-3.653,1.271
1.263,-3.639,1.259
1.324,-3.674,1.190
1.371,-3.610,1.163
1.426,-3.564,1.163
1.437,-3.583,1.163
1.379,-3.589,1.198
1.301,-3.648,1.251
1.275,-3.646,1.267
1.329,-3.637,1.152
-,-,-
2.229,-3.230,1.217
2.208,-3.194,1.255
2.156,-3.172,1.282
2.269,-3.149,1.206
2.219,-3.208,1.250
2.156,-3.229,1.397
2.155,-3.215,1.463
2.132,-3.217,1.381
1.642,-3.422,1.403
1.432,-3.414,1.539
1.043,-3.613,1.613
1.176,-3.534,1.495
0.683,-3.771,1.378
0.775,-3.772,1.230
0.892,-3.749,1.131
0.604,-3.893,0.961
0.535,-3.855,1.144
0.551,-4.122,0.943
0.562,-3.940,0.719
0.953,-3.736,0.901
0.372,-3.811,1.150
1.458,-3.292,1.919
1.060,-3.450,1.852
0.762,-3.725,1.664
1.288,-3.462,1.427
1.236,-3.373,1.620
0.812,-3.463,1.736
-0.130,-4.216,1.284
0.568,-3.819,0.539
-0.055,-4.248,0.300
0.484,-4.017,0.023
0.330,-4.041,0.169
0.205,-4.101,0.354
0.359,-4.038,0.261
0.400,-4.009,0.112
0.458,-3.928,0.351
1.160,-3.441,1.523
0.857,-3.701,1.507
1.247,-3.606,1.074
1.715,-3.517,0.790
1.880,-3.463,0.891
1.687,-3.552,0.669
1.649,-3.564,0.884
1.661,-3.600,0.734
1.791,-3.537,0.842
1.742,-3.551,0.791
1.705,-3.573,0.785
1.739,-3.570,0.828
1.675,-3.592,0.801
1.704,-3.563,0.883
1.687,-3.563,0.932
1.751,-3.571,0.754
1.739,-3.542,0.762
1.683,-3.574,0.821
1.619,-3.571,0.887
1.682,-3.575,0.794
1.739,-3.557,0.896
1.814,-3.498,0.925
1.770,-3.538,0.783
1.625,-3.591,0.938
1.610,-3.579,0.929
-,-,-
1.814,-3.059,2.077
1.895,-3.034,2.033
1.892,-3.008,1.975
1.759,-3.054,2.092
1.761,-3.064,2.145
1.868,-3.017,1.955
2.202,-2.886,2.012
1.825,-3.029,2.103
1.671,-3.065,2.229
1.567,-3.095,2.250
1.688,-3.071,2.108
1.719,-3.161,2.088
1.550,-3.181,2.062
1.666,-3.146,1.883
1.467,-3.236,2.134
1.437,-3.179,2.093
1.187,-3.323,2.078
1.278,-3.425,1.787
1.374,-3.446,1.528
1.311,-3.515,1.611
0.937,-3.613,1.921
1.318,-3.399,1.729
1.082,-3.395,1.924
1.332,-3.248,1.970
1.249,-3.388,2.017
1.254,-3.453,1.668
1.343,-3.398,1.818
1.354,-3.382,1.819
1.392,-3.354,1.830
1.346,-3.322,2.043
1.409,-3.351,1.999
1.596,-3.300,1.594
1.503,-3.299,1.825
1.348,-3.327,1.933
0.921,-3.621,1.971
1.190,-3.541,1.558
0.854,-3.657,1.335
0.848,-3.688,1.345
0.805,-3.842,0.974
0.959,-3.733,1.000
1.004,-3.800,1.073
1.326,-3.705,1.062
1.205,-3.681,1.027
0.468,-3.926,1.395
0.917,-3.671,1.238
1.048,-3.604,1.524
1.251,-3.592,1.405
1.245,-3.569,1.373
1.262,-3.655,1.306
1.635,-3.360,1.405
1.388,-3.531,1.446
1.291,-3.603,1.476
1.408,-3.542,1.317
1.513,-3.543,1.210
1.385,-3.561,1.454
1.443,-3.521,1.383
1.439,-3.563,1.333
1.407,-3.556,1.378
1.456,-3.554,1.241
1.420,-3.575,1.320
1.391,-3.554,1.325
1.428,-3.543,1.368
1.440,-3.569,1.282
1.303,-3.563,1.378
1.372,-3.574,1.344
1.383,-3.569,1.351
1.439,-3.539,1.350
1.482,-3.520,1.364
1.446,-3.550,1.325
1.495,-3.525,1.308
1.439,-3.540,1.275
1.359,-3.582,1.336
1.378,-3.574,1.388
1.512,-3.523,1.326
-,-,-
2.162,-2.982,1.766
2.146,-2.993,1.774
2.152,-2.976,1.804
2.242,-2.973,1.702
2.316,-3.070,1.768
2.074,-3.015,1.921
2.024,-3.037,1.830
2.071,-2.996,1.948
2.008,-3.053,1.865
2.070,-3.034,1.944
2.085,-3.028,1.869
1.734,-3.125,1.765
1.544,-3.254,1.863
1.586,-3.216,1.956
1.599,-3.280,1.869
1.349,-3.380,1.910
1.482,-3.360,1.755
1.409,-3.427,1.646
1.337,-3.463,1.699
1.110,-3.553,1.655
1.088,-3.563,1.532
1.126,-3.662,1.171
0.818,-3.819,1.680
1.052,-3.581,1.460
1.156,-3.454,1.549
1.106,-3.590,1.826
1.336,-3.424,1.616
1.189,-3.451,1.728
1.418,-3.378,1.695
1.359,-3.448,1.744
1.410,-3.414,1.747
1.379,-3.399,1.784
1.516,-3.385,1.756
1.584,-3.240,1.823
1.022,-3.722,1.866
1.056,-3.625,1.265
1.069,-3.589,1.284
0.865,-3.855,0.971
0.886,-3.807,0.779
0.859,-3.957,0.614
0.794,-3.929,0.897
0.925,-3.849,0.648
0.850,-3.854,0.794
0.757,-3.836,0.816
1.135,-3.592,1.389
0.891,-3.692,1.582
1.272,-3.516,1.606
1.382,-3.528,1.408
1.317,-3.567,1.394
1.567,-3.466,1.336
1.678,-3.443,1.235
1.490,-3.541,1.271
1.624,-3.489,1.247
1.659,-3.486,1.208
1.608,-3.495,1.348
1.545,-3.521,1.312
1.530,-3.524,1.312
1.570,-3.498,1.268
1.506,-3.514,1.346
1.583,-3.522,1.282
1.594,-3.478,1.351
1.534,-3.506,1.265
1.512,-3.540,1.342
1.608,-3.479,1.263
1.646,-3.487,1.226
1.587,-3.483,1.326
1.505,-3.554,1.266
1.585,-3.498,1.329
1.569,-3.497,1.298
1.583,-3.521,1.268
1.528,-3.499,1.306
-,-,-
1.984,-3.167,1.613
2.048,-3.157,1.647
2.064,-3.158,1.557
2.058,-3.149,1.583
2.064,-3.129,1.633
2.037,-3.160,1.591
2.026,-3.177,1.452
1.947,-3.161,1.721
1.922,-3.163,1.789
1.966,-3.159,1.740
1.946,-3.123,1.691
1.955,-3.158,1.723
1.891,-3.176,1.784
1.782,-3.167,1.846
1.846,-3.163,1.880
1.979,-3.121,1.827
1.562,-3.238,1.841
1.493,-3.287,1.872
1.608,-3.267,1.952
1.460,-3.310,2.064
1.483,-3.345,1.879
1.500,-3.333,1.772
1.209,-3.436,1.811
1.174,-3.436,1.732
1.001,-3.533,1.749
0.978,-3.608,1.729
0.952,-3.571,1.868
1.023,-3.561,1.664
1.224,-3.594,1.377
1.376,-3.551,1.177
1.314,-3.597,1.130
1.248,-3.597,1.170
1.395,-3.547,1.282
1.377,-3.464,1.901
1.109,-3.704,1.875
1.293,-3.519,1.297
1.314,-3.601,1.354
1.567,-3.302,1.550
1.620,-3.279,1.774
1.508,-3.387,1.873
1.743,-3.312,1.487
1.516,-3.472,1.591
1.315,-3.507,1.407
1.337,-3.499,1.269
0.887,-3.843,1.198
1.291,-3.761,0.605
0.934,-3.902,1.007
1.134,-3.720,1.014
1.229,-3.640,0.916
0.686,-3.878,1.345
0.918,-3.719,1.581
1.433,-3.376,1.476
1.365,-3.486,1.561
1.766,-3.365,1.474
1.587,-3.467,1.283
1.641,-3.453,1.284
1.459,-3.556,1.413
1.493,-3.533,1.282
1.719,-3.453,1.215
1.684,-3.492,1.211
1.578,-3.493,1.370
1.496,-3.541,1.310
1.522,-3.521,1.306
1.592,-3.480,1.325
1.604,-3.479,1.334
1.568,-3.526,1.299
1.570,-3.462,1.327
1.466,-3.549,1.271
1.521,-3.556,1.310
1.623,-3.498,1.318
1.586,-3.521,1.270
1.576,-3.492,1.305
1.585,-3.486,1.253
1.548,-3.521,1.325
1.530,-3.511,1.319
1.576,-3.521,1.349
-,-,-
2.095,-3.082,1.700
2.076,-3.087,1.675
2.038,-3.092,1.699
2.040,-3.087,1.678
2.070,-3.093,1.691
1.938,-3.150,1.758
2.003,-3.099,1.637
1.980,-3.083,1.845
1.962,-3.059,2.052
2.021,-3.059,1.797
1.920,-3.056,1.917
1.708,-3.152,1.960
1.858,-3.055,2.036
1.546,-3.187,1.964
1.461,-3.282,2.031
1.737,-3.148,1.987
1.558,-3.236,2.065
1.088,-3.516,1.761
1.138,-3.547,1.244
1.312,-3.524,1.584
1.396,-3.521,1.242
1.072,-3.824,1.375
1.279,-3.585,1.400
1.079,-3.485,1.832
1.281,-3.432,1.724
1.467,-3.284,1.771
1.445,-3.418,1.785
1.345,-3.484,1.760
1.592,-3.266,1.768
1.577,-3.244,1.748
0.684,-3.693,1.844
0.853,-3.646,1.126
0.757,-3.968,0.593
0.873,-3.898,0.967
0.918,-3.874,0.941
1.480,-3.619,0.645
0.687,-3.850,1.101
0.371,-4.037,1.421
1.063,-3.389,1.614
1.623,-3.348,1.640
1.426,-3.492,1.559
1.461,-3.502,1.301
1.708,-3.438,1.327
1.354,-3.608,1.341
1.550,-3.538,1.307
1.712,-3.463,1.207
1.623,-3.474,1.284
1.609,-3.478,1.451
1.657,-3.474,1.306
1.570,-3.518,1.243
1.517,-3.506,1.369
1.625,-3.500,1.313
1.602,-3.477,1.282
1.617,-3.474,1.282
1.570,-3.486,1.411
1.479,-3.504,1.435
1.644,-3.463,1.295
1.640,-3.473,1.340
1.546,-3.476,1.378
1.508,-3.529,1.356
1.525,-3.515,1.328
1.480,-3.516,1.400
1.535,-3.491,1.402
1.622,-3.449,1.349
1.600,-3.491,1.325
1.571,-3.459,1.494
1.540,-3.493,1.374
1.536,-3.484,1.404
1.537,-3.501,1.369
1.469,-3.503,1.446
1.591,-3.447,1.398
-,-,-
2.552,-2.799,1.557
2.546,-2.813,1.561
2.622,-2.805,1.480
2.590,-2.803,1.519
2.532,-2.826,1.463
2.609,-2.813,1.591
2.462,-2.854,1.656
2.337,-2.891,1.773
2.360,-2.865,1.686
2.444,-2.879,1.735
2.223,-2.938,1.795
2.331,-2.955,1.851
1.931,-3.068,1.958
1.802,-3.102,1.875
1.659,-3.148,2.081
1.540,-3.197,2.030
1.358,-3.351,1.652
1.445,-3.560,1.330
1.491,-3.568,1.084
1.386,-3.630,1.493
1.143,-3.687,1.396
1.474,-3.400,1.354
1.020,-3.563,1.924
1.424,-3.222,2.082
1.698,-3.255,1.773
1.503,-3.366,1.764
1.556,-3.411,1.677
1.825,-3.265,1.666
1.575,-3.325,2.053
0.918,-3.640,1.598
0.834,-3.619,1.464
0.953,-3.798,0.957
0.954,-3.932,0.305
0.948,-3.953,0.773
0.815,-3.906,0.886
1.027,-3.651,0.805
0.742,-3.939,0.954
0.711,-3.717,1.549
1.279,-3.405,1.612
1.399,-3.443,1.553
1.796,-3.358,1.513
1.599,-3.513,1.204
1.626,-3.485,1.235
1.732,-3.471,1.239
1.672,-3.476,1.337
1.661,-3.439,1.384
1.787,-3.457,1.177
1.683,-3.442,1.385
1.631,-3.489,1.238
1.651,-3.467,1.289
1.642,-3.484,1.248
1.645,-3.482,1.324
1.707,-3.447,1.287
1.642,-3.476,1.286
1.676,-3.444,1.312
1.632,-3.481,1.292
1.666,-3.470,1.284
1.613,-3.496,1.330
1.622,-3.477,1.394
1.640,-3.474,1.402
1.655,-3.463,1.262
1.672,-3.467,1.284
1.674,-3.444,1.347
1.612,-3.505,1.302
1.575,-3.500,1.378
-,-,-
2.491,-2.704,1.809
2.489,-2.722,1.812
2.501,-2.683,1.848
2.466,-2.709,1.851
2.440,-2.721,1.882
2.439,-2.709,1.872
2.342,-2.740,1.976
2.308,-2.760,2.050
2.313,-2.747,2.045
2.337,-2.729,1.960
2.308,-2.762,1.989
2.456,-2.783,1.977
2.306,-2.754,2.080
2.153,-2.820,2.118
2.211,-2.829,2.127
2.281,-2.755,2.069
2.253,-2.832,1.946
1.949,-2.955,2.144
2.037,-2.893,2.215
1.947,-2.951,2.059
1.714,-3.057,1.937
1.838,-3.133,2.097
1.606,-3.263,1.746
1.685,-3.210,1.710
1.175,-3.416,1.754
1.341,-3.381,1.828
1.256,-3.619,1.521
1.254,-3.501,1.835
1.392,-3.349,1.850
1.843,-3.026,2.042
1.765,-3.019,2.129
1.536,-3.217,2.011
1.578,-3.197,2.082
1.748,-3.206,1.762
2.001,-3.141,1.904
2.000,-3.072,1.914
1.487,-3.292,2.082
0.936,-3.635,1.689
1.109,-3.637,1.166
1.459,-3.521,1.251
1.251,-3.657,1.360
1.143,-3.769,1.179
1.377,-3.634,0.922
0.986,-3.569,1.471
2.048,-2.998,1.880
1.573,-3.335,1.968
1.717,-3.270,1.732
1.730,-3.385,1.346
1.824,-3.341,1.385
1.703,-3.386,1.492
1.698,-3.382,1.552
1.804,-3.339,1.427
1.707,-3.367,1.542
1.735,-3.379,1.430
1.666,-3.401,1.515
1.700,-3.360,1.543
1.822,-3.317,1.474
1.801,-3.351,1.469
1.697,-3.342,1.489
1.707,-3.394,1.495
1.751,-3.347,1.493
1.770,-3.329,1.483
1.714,-3.377,1.513
1.729,-3.367,1.511
1.743,-3.370,1.503
1.753,-3.360,1.460
1.753,-3.351,1.506
1.803,-3.339,1.508
1.774,-3.351,1.473
1.738,-3.368,1.481
1.710,-3.392,1.486
1.691,-3.381,1.531
-,-,-
2.305,-2.923,1.693
2.315,-2.910,1.727
2.361,-2.891,1.684
2.365,-2.918,1.648
2.301,-2.915,1.790
2.355,-2.903,1.632
2.267,-2.922,1.794
2.317,-2.930,1.704
2.104,-2.946,1.952
2.061,-2.947,1.938
1.885,-3.007,2.023
1.871,-3.038,2.053
1.963,-2.988,2.168
1.823,-3.092,2.034
1.642,-3.060,2.210
1.222,-3.286,2.207
1.506,-3.248,2.068
1.577,-3.251,1.747
1.570,-3.314,1.710
1.472,-3.400,1.770
1.351,-3.483,1.509
1.393,-3.663,1.626
1.438,-3.655,1.283
1.233,-3.470,1.428
1.370,-3.343,1.877
1.719,-3.092,2.035
1.772,-3.141,2.020
1.839,-3.275,1.757
1.925,-3.139,1.876
1.229,-3.427,2.241
1.101,-3.476,1.725
1.118,-3.830,0.775
1.774,-3.555,0.452
0.853,-4.042,1.088
1.492,-3.635,0.815
1.211,-3.731,0.895
1.157,-3.455,1.506
1.922,-3.180,1.751
1.312,-3.532,1.718
1.893,-3.284,1.378
1.780,-3.446,1.191
1.826,-3.385,1.303
1.729,-3.462,1.289
1.764,-3.394,1.363
1.893,-3.369,1.153
1.891,-3.386,1.202
1.781,-3.410,1.235
1.730,-3.425,1.386
1.737,-3.437,1.350
1.783,-3.418,1.275
1.750,-3.407,1.337
1.761,-3.399,1.310
1.792,-3.403,1.299
1.798,-3.392,1.294
1.766,-3.419,1.320
1.756,-3.419,1.338
1.799,-3.371,1.363
1.837,-3.400,1.264
1.820,-3.380,1.299
1.746,-3.406,1.362
1.817,-3.383,1.366
1.795,-3.397,1.331
1.764,-3.394,1.375
1.758,-3.412,1.359
1.768,-3.390,1.365
1.834,-3.370,1.341
-,-,-
2.472,-2.837,1.648
2.515,-2.790,1.601
2.590,-2.830,1.521
2.497,-2.853,1.617
2.496,-2.826,1.757
2.252,-2.905,1.908
2.240,-2.899,1.854
1.797,-3.091,2.146
1.469,-3.087,2.224
1.655,-3.030,2.050
1.600,-3.213,1.902
1.452,-3.247,2.099
1.395,-3.289,2.033
1.362,-3.455,1.645
1.401,-3.544,1.389
1.189,-3.680,1.513
1.232,-3.552,1.590
1.306,-3.398,1.564
1.407,-3.274,1.961
1.574,-3.240,1.712
1.734,-3.127,2.008
1.592,-3.321,1.895
1.806,-3.191,1.970
1.664,-2.977,2.346
0.895,-3.562,2.103
0.935,-3.721,1.060
1.157,-3.841,0.591
0.956,-3.954,0.852
1.246,-3.875,0.661
1.065,-3.818,0.841
0.809,-3.634,1.097
1.664,-3.214,1.931
1.586,-3.266,1.969
1.449,-3.476,1.625
1.693,-3.441,1.298
1.717,-3.443,1.215
1.566,-3.479,1.418
1.405,-3.534,1.364
1.502,-3.521,1.427
1.639,-3.448,1.347
1.625,-3.469,1.253
1.562,-3.485,1.322
1.522,-3.484,1.414
1.580,-3.475,1.407
1.635,-3.448,1.354
1.643,-3.466,1.313
1.581,-3.462,1.394
1.560,-3.491,1.362
1.548,-3.499,1.394
1.596,-3.448,1.384
1.607,-3.482,1.361
1.674,-3.452,1.344
1.575,-3.467,1.450
1.657,-3.448,1.370
1.576,-3.437,1.373
-,-,-
2.147,-3.068,1.620
2.215,-3.045,1.618
2.178,-3.046,1.594
2.270,-3.090,1.435
2.371,-3.112,1.793
2.020,-2.969,1.635
1.246,-3.170,2.161
1.020,-3.426,2.125
0.977,-3.637,1.572
1.192,-3.819,0.794
1.250,-3.729,0.459
0.183,-4.317,1.239
1.312,-3.542,1.137
1.409,-3.407,1.077
1.560,-3.339,1.965
1.886,-3.118,1.787
1.922,-3.164,1.916
1.328,-3.412,1.964
0.953,-3.798,1.137
1.056,-3.917,0.337
1.286,-3.878,0.113
0.958,-4.121,0.483
0.734,-3.920,0.102
1.057,-3.615,0.703
1.885,-3.287,1.579
1.628,-3.402,1.724
1.560,-3.567,1.352
1.903,-3.469,0.744
1.845,-3.482,0.833
1.696,-3.530,1.057
1.677,-3.529,0.942
1.693,-3.546,1.015
1.700,-3.582,1.042
1.680,-3.539,1.024
1.789,-3.488,0.958
1.731,-3.504,1.017
1.727,-3.514,0.962
1.639,-3.568,1.050
1.696,-3.543,0.985
1.697,-3.526,0.977
-,-,-
2.565,-2.845,1.451
2.569,-2.854,1.435
2.594,-2.831,1.435
2.607,-2.825,1.525
2.624,-2.946,1.553
2.574,-2.866,1.399
2.317,-2.989,1.754
1.847,-3.052,1.854
1.750,-3.113,1.845
1.654,-3.223,1.803
1.793,-3.215,1.534
1.380,-3.444,1.758
1.088,-3.662,1.490
1.374,-3.727,1.054
1.033,-3.805,1.164
1.174,-3.473,1.179
1.950,-3.104,1.940
1.618,-3.240,2.027
2.051,-3.148,1.708
1.836,-3.296,1.566
2.363,-3.042,1.580
1.285,-3.347,2.202
0.899,-3.623,1.589
1.406,-3.530,0.927
1.092,-3.814,0.684
0.953,-3.929,0.712
1.124,-3.891,0.751
1.302,-3.676,0.699
1.433,-3.483,1.059
1.893,-3.173,1.811
1.680,-3.353,1.763
1.892,-3.311,1.374
1.993,-3.363,1.136
1.938,-3.384,1.188
1.876,-3.384,1.204
1.797,-3.421,1.222
1.796,-3.417,1.301
1.860,-3.384,1.223
1.852,-3.422,1.242
1.844,-3.395,1.276
1.927,-3.340,1.208
1.851,-3.412,1.205
1.828,-3.393,1.229
1.796,-3.411,1.287
1.795,-3.428,1.294
1.767,-3.412,1.289
-,-,-
2.636,-2.845,1.247
2.643,-2.846,1.232
2.648,-2.855,1.256
2.613,-2.844,1.354
2.583,-2.864,1.375
2.693,-2.926,1.300
2.628,-2.860,1.468
2.431,-3.019,1.715
2.247,-2.940,1.437
1.911,-3.116,1.714
1.779,-3.207,1.754
1.569,-3.335,1.927
1.323,-3.415,1.536
1.558,-3.432,1.358
1.765,-3.526,1.101
1.369,-3.598,1.417
1.521,-3.323,1.603
1.593,-3.336,1.904
1.479,-3.305,1.619
2.156,-3.034,1.782
1.887,-3.227,1.748
1.952,-3.209,1.641
1.742,-3.227,1.937
1.572,-3.323,1.941
1.613,-3.320,1.587
1.168,-3.713,1.175
1.310,-3.614,1.303
1.343,-3.641,0.889
1.064,-3.862,1.051
0.984,-3.790,1.150
1.569,-3.434,1.038
1.390,-3.561,1.359
1.959,-3.188,1.615
1.687,-3.413,1.450
2.021,-3.291,1.392
1.806,-3.392,1.325
1.914,-3.380,1.135
1.926,-3.365,1.106
1.844,-3.382,1.327
1.877,-3.394,1.299
1.950,-3.350,1.218
1.927,-3.352,1.230
1.884,-3.373,1.295
1.808,-3.381,1.295
1.867,-3.359,1.287
1.937,-3.357,1.271
1.904,-3.343,1.213
1.821,-3.395,1.367
1.912,-3.382,1.241
1.875,-3.342,1.284
1.838,-3.384,1.337
1.852,-3.388,1.271
-,-,-
2.387,-2.967,1.492
2.348,-2.958,1.570
2.400,-2.932,1.608
2.393,-2.940,1.555
2.478,-2.965,1.555
2.511,-2.935,1.615
2.032,-3.047,1.540
2.026,-3.155,1.764
1.565,-3.221,1.856
1.521,-3.237,2.120
1.440,-3.428,1.746
1.615,-3.346,1.545
1.299,-3.573,1.306
1.086,-3.637,1.444
0.812,-3.719,1.289
0.668,-3.933,1.430
1.016,-3.714,1.199
1.151,-3.497,1.796
1.355,-3.442,1.724
1.718,-3.198,1.716
1.493,-3.484,1.628
1.561,-3.396,1.591
1.873,-3.282,1.392
1.356,-3.506,1.726
1.371,-3.558,1.340
1.367,-3.559,1.103
1.168,-3.726,1.052
1.027,-3.834,0.868
1.017,-3.811,0.801
0.884,-3.898,0.885
1.157,-3.825,0.727
0.969,-3.855,0.704
1.397,-3.529,1.186
1.194,-3.628,1.307
1.529,-3.478,1.391
1.621,-3.481,1.285
1.432,-3.585,1.259
1.492,-3.589,1.074
1.500,-3.584,1.175
1.589,-3.521,1.180
1.436,-3.618,1.167
1.411,-3.608,1.232
1.626,-3.528,1.074
1.596,-3.533,1.109
1.458,-3.562,1.301
1.509,-3.569,1.091
1.536,-3.568,1.174
1.571,-3.521,1.153
1.627,-3.503,1.053
1.531,-3.549,1.163
1.498,-3.575,1.213
1.552,-3.549,1.165
1.535,-3.551,1.187
1.474,-3.588,1.170
1.456,-3.617,1.222
-,-,-
2.589,-2.912,1.252
2.583,-2.935,1.151
2.601,-2.936,1.125
2.585,-2.937,1.226
2.652,-2.917,1.156
2.667,-2.949,1.059
2.665,-2.923,1.164
2.443,-3.049,1.173
2.469,-2.961,1.324
2.267,-3.098,1.511
1.946,-3.135,1.685
2.021,-3.157,1.682
1.894,-3.238,1.532
1.805,-3.288,1.818
1.635,-3.263,1.851
1.515,-3.296,1.745
1.393,-3.494,1.382
1.472,-3.518,1.129
1.310,-3.579,1.240
1.252,-3.622,1.236
1.006,-3.868,1.385
0.982,-3.797,1.123
1.366,-3.656,0.904
1.662,-3.363,1.280
2.003,-3.208,1.707
1.572,-3.314,1.841
1.647,-3.352,1.645
1.854,-3.317,1.450
1.627,-3.362,1.659
1.529,-3.438,1.452
1.178,-3.573,1.622
0.885,-3.723,1.516
1.042,-3.755,0.785
0.962,-3.885,0.637
0.979,-3.889,0.722
0.913,-3.932,0.812
1.172,-3.779,0.691
0.881,-3.863,0.796
1.336,-3.560,1.092
1.522,-3.542,1.181
1.572,-3.413,1.283
1.750,-3.467,1.397
1.873,-3.438,1.154
2.090,-3.356,0.866
1.851,-3.430,1.025
2.040,-3.339,1.131
1.981,-3.384,0.998
1.996,-3.372,1.128
2.015,-3.397,1.075
1.846,-3.467,1.023
1.875,-3.422,1.171
1.979,-3.361,1.092
1.984,-3.360,1.062
1.879,-3.395,1.250
2.002,-3.371,1.077
1.978,-3.379,1.079
1.829,-3.446,1.167
1.817,-3.434,1.163
1.863,-3.410,1.117
1.992,-3.371,1.120
1.903,-3.384,1.233
1.930,-3.393,1.092
1.859,-3.391,1.243
1.834,-3.413,1.180
-,-,-
2.346,-3.029,1.518
2.421,-3.004,1.354
2.334,-3.038,1.510
2.445,-3.022,1.528
2.485,-2.903,1.661
1.564,-3.204,1.825
1.356,-3.365,1.585
1.446,-3.373,1.735
1.427,-3.492,1.482
1.036,-3.667,1.160
1.196,-3.677,1.084
1.050,-3.820,1.337
0.819,-3.917,1.212
1.317,-3.520,1.123
0.905,-3.668,1.328
1.719,-3.284,1.715
2.094,-3.228,1.533
1.680,-3.382,1.538
1.932,-3.271,1.455
2.224,-3.155,1.205
1.592,-3.409,1.694
1.338,-3.559,1.541
1.255,-3.590,1.322
1.274,-3.718,1.135
1.173,-3.658,1.037
1.326,-3.612,0.996
0.899,-3.884,0.866
0.947,-3.837,0.869
0.958,-3.944,0.624
1.206,-3.804,0.628
0.832,-3.901,0.597
1.327,-3.594,1.071
1.373,-3.562,1.123
1.608,-3.445,1.477
1.916,-3.420,0.983
1.912,-3.428,1.039
1.910,-3.433,0.858
2.019,-3.404,0.965
1.810,-3.439,1.101
1.887,-3.399,1.189
1.990,-3.393,0.865
1.827,-3.472,1.061
1.907,-3.437,0.999
1.851,-3.447,1.062
1.852,-3.448,1.094
1.931,-3.427,1.028
1.960,-3.407,0.946
1.883,-3.423,1.086
1.891,-3.441,1.051
1.842,-3.440,1.030
1.832,-3.449,1.075
1.837,-3.458,1.104
-,-,-
1.794,-3.272,1.608
1.612,-3.311,1.490
1.792,-3.313,1.533
1.454,-3.443,1.675
1.693,-3.374,1.418
1.704,-3.396,1.479
1.578,-3.546,1.320
1.395,-3.675,1.264
1.729,-3.367,1.179
1.676,-3.401,1.474
1.735,-3.310,1.656
1.733,-3.359,1.499
2.092,-3.174,1.444
2.066,-3.257,1.461
2.108,-3.244,1.359
1.884,-3.313,1.503
1.730,-3.282,1.689
1.792,-3.300,1.594
1.386,-3.509,1.593
1.162,-3.650,1.103
1.384,-3.644,0.813
1.167,-3.689,1.073
0.740,-3.892,0.849
1.039,-3.811,0.836
0.827,-3.981,0.876
1.250,-3.716,0.700
1.111,-3.728,0.667
0.847,-3.806,1.099
1.241,-3.618,1.384
1.600,-3.498,1.306
1.648,-3.484,1.149
1.921,-3.405,1.232
1.797,-3.436,1.161
1.771,-3.515,1.003
1.777,-3.433,1.232
1.840,-3.422,1.200
1.868,-3.418,1.058
1.975,-3.366,1.060
1.877,-3.414,1.111
1.847,-3.427,1.210
1.913,-3.401,1.109
1.928,-3.373,1.145
1.933,-3.399,1.093
1.862,-3.410,1.157
1.874,-3.412,1.159
1.912,-3.397,1.117
1.912,-3.385,1.085
1.880,-3.417,1.208
1.835,-3.432,1.201
1.837,-3.442,1.126
1.854,-3.431,1.152
1.836,-3.433,1.173
1.867,-3.418,1.172
1.843,-3.433,1.173
1.873,-3.414,1.081
1.854,-3.406,1.146
1.764,-3.444,1.223
1.852,-3.417,1.140
1.852,-3.407,1.169
1.802,-3.431,1.205
1.822,-3.431,1.196
1.832,-3.432,1.151
1.825,-3.420,1.188
1.844,-3.409,1.180
1.820,-3.436,1.181
1.762,-3.427,1.287
1.850,-3.384,1.126
1.821,-3.432,1.201
1.801,-3.434,1.199
1.816,-3.419,1.213
1.827,-3.406,1.170
1.781,-3.429,1.221
1.871,-3.408,1.191
1.809,-3.429,1.234
1.825,-3.425,1.178
1.813,-3.415,1.191
1.842,-3.435,1.200
1.845,-3.390,1.150
1.769,-3.430,1.238
-,-,-
2.364,-3.037,1.341
2.439,-3.032,1.415
2.346,-3.086,1.646
2.223,-2.995,1.893
1.334,-3.321,1.508
1.173,-3.374,1.999
1.371,-3.437,1.663
1.330,-3.602,1.284
1.017,-3.633,1.481
1.133,-3.668,1.327
1.389,-3.602,0.931
1.025,-3.880,1.216
1.011,-3.686,1.197
1.007,-3.529,1.687
1.231,-3.374,1.769
1.658,-3.299,1.513
1.703,-3.247,1.747
1.556,-3.360,1.720
1.957,-3.182,1.561
1.239,-3.434,1.685
0.779,-3.645,2.055
0.847,-3.692,1.392
1.144,-3.756,0.733
1.010,-3.806,0.846
0.772,-3.919,0.842
0.816,-3.923,0.792
0.734,-4.081,0.763
1.162,-3.734,0.444
1.142,-3.714,0.784
0.939,-3.686,1.310
2.030,-3.234,1.312
1.364,-3.588,1.345
1.870,-3.424,1.062
1.932,-3.414,0.977
1.874,-3.412,1.170
1.744,-3.471,1.164
1.761,-3.480,1.082
1.784,-3.483,1.091
1.729,-3.497,1.128
1.785,-3.449,1.108
1.837,-3.467,1.028
1.833,-3.424,1.005
1.786,-3.435,1.154
1.800,-3.477,1.104
1.845,-3.431,1.013
1.807,-3.436,1.084
1.776,-3.489,1.094
1.745,-3.471,1.118
1.785,-3.476,1.047
-,-,-
2.587,-2.934,1.212
2.556,-2.948,1.177
2.528,-2.968,1.303
2.523,-2.957,1.284
2.632,-2.951,1.284
2.667,-2.944,1.275
2.292,-3.082,1.480
2.165,-3.077,1.411
2.119,-3.094,1.446
1.893,-3.234,1.436
1.960,-3.266,1.482
1.796,-3.302,1.726
1.722,-3.323,1.649
1.419,-3.391,1.607
1.304,-3.531,1.428
1.370,-3.611,1.091
1.230,-3.675,0.993
1.005,-3.849,1.339
1.465,-3.591,1.063
1.097,-3.667,1.173
1.220,-3.532,1.535
1.263,-3.503,1.502
1.705,-3.351,1.624
1.409,-3.481,1.418
1.743,-3.324,1.547
1.621,-3.415,1.573
1.703,-3.418,1.596
1.615,-3.354,1.525
1.330,-3.415,1.847
0.923,-3.710,1.555
1.129,-3.577,1.247
1.139,-3.683,0.891
0.939,-3.812,0.797
0.777,-3.910,0.846
0.964,-3.825,0.772
0.792,-3.989,0.806
0.953,-3.828,0.845
1.018,-3.853,0.413
1.153,-3.711,0.750
1.193,-3.690,1.030
1.697,-3.372,1.357
1.727,-3.513,1.170
1.625,-3.496,1.254
1.837,-3.430,1.047
1.937,-3.431,0.974
1.803,-3.497,1.023
1.817,-3.447,1.175
1.902,-3.405,1.016
1.749,-3.482,1.203
1.891,-3.438,0.935
1.854,-3.462,1.004
1.804,-3.455,1.103
1.828,-3.448,1.052
1.759,-3.475,1.184
1.753,-3.467,1.122
1.797,-3.473,1.113
1.741,-3.497,1.161
1.734,-3.512,1.110
1.812,-3.476,1.067
1.848,-3.474,1.032
1.779,-3.464,1.047
1.770,-3.477,1.127
1.754,-3.490,1.115
1.776,-3.460,1.131
1.742,-3.471,1.138
-,-,-
2.266,-3.041,1.462
2.326,-3.016,1.374
2.201,-3.067,1.565
2.261,-3.045,1.442
2.285,-3.101,1.329
2.198,-3.159,1.445
2.212,-3.122,1.307
2.092,-2.983,1.937
1.687,-3.153,2.007
1.571,-3.256,1.680
1.443,-3.374,1.846
1.395,-3.377,1.880
1.265,-3.521,1.854
0.633,-3.777,1.382
0.806,-3.828,0.844
0.869,-3.879,0.572
0.484,-4.257,0.736
0.591,-3.785,1.363
0.550,-3.911,1.110
1.033,-3.293,2.031
2.040,-3.176,1.670
1.639,-3.347,1.550
1.570,-3.459,1.392
1.634,-3.463,1.440
1.790,-3.294,1.454
1.083,-3.597,1.659
1.155,-3.565,1.115
0.801,-3.808,1.095
0.797,-3.970,0.404
0.754,-3.928,0.545
0.663,-4.001,0.640
0.808,-4.038,0.256
1.137,-3.840,0.397
0.614,-4.009,0.307
1.217,-3.588,0.781
1.078,-3.670,0.981
1.678,-3.392,1.309
2.076,-3.280,1.322
1.754,-3.507,0.991
2.025,-3.392,1.069
1.893,-3.450,0.996
1.930,-3.408,1.007
1.947,-3.445,0.920
1.899,-3.416,1.099
1.881,-3.437,1.013
1.863,-3.470,1.011
1.945,-3.437,0.847
1.939,-3.433,0.921
1.882,-3.431,1.027
1.774,-3.467,1.094
1.884,-3.441,0.950
1.837,-3.464,1.003
1.854,-3.455,0.981
1.777,-3.505,1.145
1.789,-3.479,1.110
1.832,-3.438,1.095
1.810,-3.454,1.086
1.840,-3.469,1.018
1.830,-3.454,1.052
1.771,-3.499,1.121
1.718,-3.520,1.092
-,-,-
2.560,-2.555,1.915
2.556,-2.584,1.910
2.573,-2.551,1.986
2.625,-2.617,1.857
2.438,-2.658,1.940
2.332,-2.643,2.272
2.245,-2.724,2.260
2.147,-2.848,2.211
2.119,-2.958,2.094
1.880,-2.949,2.373
1.478,-3.151,1.880
1.705,-3.057,1.733
1.568,-3.311,2.219
1.597,-3.324,1.881
2.054,-2.755,1.780
1.756,-2.935,2.329
2.002,-2.945,2.077
2.305,-2.855,2.008
2.236,-2.965,1.871
2.362,-2.948,1.781
2.154,-2.922,1.958
2.061,-2.995,1.931
1.625,-3.269,1.730
1.722,-3.251,1.668
1.537,-3.320,1.779
1.486,-3.333,1.691
1.566,-3.406,1.684
1.337,-3.554,1.456
1.613,-3.425,1.489
1.545,-3.189,1.931
1.787,-3.056,2.254
1.702,-3.172,2.056
2.039,-3.052,1.687
2.144,-3.086,1.589
2.160,-3.035,1.646
2.081,-3.074,1.739
2.031,-3.133,1.716
2.091,-3.077,1.655
2.130,-3.066,1.720
2.112,-3.077,1.671
2.103,-3.063,1.713
2.112,-3.051,1.744
2.045,-3.060,1.711
2.064,-3.091,1.735
2.113,-3.048,1.632
2.034,-3.073,1.771
2.119,-3.047,1.799
2.194,-3.007,1.700
2.124,-3.052,1.681
2.055,-3.046,1.788
2.021,-3.091,1.738
2.073,-3.059,1.756
2.057,-3.039,1.783
-,-,-
2.461,-2.660,1.929
2.522,-2.646,1.895
2.581,-2.679,1.836
2.451,-2.671,2.007
2.515,-2.640,2.047
2.501,-2.659,2.065
2.124,-2.851,2.110
2.100,-2.812,2.159
2.162,-2.875,2.200
1.573,-3.063,2.213
1.593,-3.035,2.037
1.576,-3.205,1.838
1.459,-3.202,2.048
1.519,-3.301,1.739
1.321,-3.476,2.056
1.344,-3.343,2.013
1.305,-3.415,1.877
1.671,-3.062,1.950
1.453,-3.114,2.285
1.735,-3.074,2.107
2.014,-2.948,2.053
2.003,-3.010,2.035
1.835,-3.072,1.967
1.947,-3.053,1.987
2.198,-3.005,1.760
1.850,-3.019,2.201
1.313,-3.245,2.229
1.604,-3.313,1.656
0.955,-3.620,1.629
1.004,-3.498,1.737
1.025,-3.637,1.370
1.128,-3.529,1.622
0.972,-3.766,1.525
1.187,-3.575,1.163
1.080,-3.626,1.520
1.020,-3.511,1.776
1.462,-3.253,1.871
1.682,-3.152,1.924
1.645,-3.201,2.014
1.863,-3.163,1.871
1.743,-3.223,1.825
1.913,-3.206,1.646
1.921,-3.183,1.677
1.855,-3.197,1.759
1.757,-3.243,1.824
1.787,-3.223,1.732
1.896,-3.191,1.693
1.847,-3.197,1.743
1.812,-3.209,1.810
1.787,-3.214,1.794
1.854,-3.171,1.816
1.858,-3.179,1.766
1.855,-3.211,1.718
1.793,-3.210,1.771
1.742,-3.206,1.841
1.835,-3.202,1.792
1.933,-3.152,1.702
1.889,-3.165,1.795
1.850,-3.181,1.861
1.857,-3.167,1.814
1.875,-3.148,1.754
1.849,-3.167,1.802
1.814,-3.184,1.825
1.789,-3.182,1.783





















